 5.73233560090703 seconds long
 126398 samples
 505592 bytes (audio data)
$VAR1 = {
          'data_start' => 44,
          'data_length' => 505592,
          'bytes_sec' => 88200,
          'sample_rate' => 22050,
          'bits_sample' => 16,
          'channels' => 2,
          'block_align' => 4,
          'length' => '5.73233560090703',
          'wave-ex' => 0,
          'data_finish' => 505636,
          'total_length' => 505780
        };
min=-4690, max=4718 of +-32768
$VAR1 = {
          'channels' => 1,
          'sample_rate' => 22050,
          'bits_sample' => 16
        };
- 1 seconds long
- 22050 samples
- 44100 bytes (audio data)
$VAR1 = {
          'channels' => 1,
          'block_align' => 2,
          'length' => '1',
          'bytes_sec' => 44100,
          'data_length' => 44100,
          'data_start' => 44,
          'sample_rate' => 22050,
          'bits_sample' => 16,
          'total_length' => 44136,
          'wave-ex' => 0,
          'data_finish' => 44144
        };
22
-59
-131
-195
-246
-285
-306
-312
-300
-271
-230
-180
-125
-69
-19
23
63
96
117
132
138
132
119
106
84
61
38
19
3
-6
-8
-3
7
26
48
66
82
96
107
108
102
87
62
26
-12
-58
-114
-172
-224
-268
-302
-318
-319
-304
-267
-212
-146
-71
16
112
207
296
378
444
489
512
509
474
413
331
230
111
-17
-145
-270
-385
-480
-553
-604
-622
-605
-558
-482
-378
-253
-116
27
168
297
407
499
566
601
604
580
529
450
348
230
104
-24
-141
-246
-338
-407
-445
-463
-459
-429
-380
-319
-245
-162
-79
1
71
136
188
224
245
247
234
214
188
154
118
88
62
40
22
9
1
0
2
10
16
22
27
26
16
-1
-25
-57
-88
-122
-156
-189
-213
-230
-236
-235
-220
-193
-153
-104
-44
22
93
171
243
306
360
399
417
419
401
363
304
231
145
47
-63
-173
-278
-372
-453
-511
-545
-555
-537
-490
-421
-334
-227
-106
22
150
274
384
478
550
596
606
586
539
463
363
247
123
-7
-134
-253
-357
-444
-509
-544
-549
-526
-472
-398
-307
-201
-89
18
115
203
279
332
365
376
367
341
297
240
172
103
39
-20
-73
-112
-138
-146
-144
-132
-113
-89
-61
-33
-12
6
18
20
12
-3
-24
-54
-86
-112
-135
-153
-159
-150
-127
-94
-54
-6
47
103
161
214
258
291
313
318
304
278
237
174
103
22
-64
-150
-228
-296
-354
-395
-419
-424
-405
-367
-309
-233
-143
-42
59
157
245
322
383
425
448
448
426
388
333
260
172
74
-28
-130
-224
-303
-370
-414
-434
-430
-410
-368
-308
-238
-158
-65
40
148
239
294
307
295
277
260
250
243
239
212
163
102
39
-31
-98
-155
-200
-243
-280
-303
-302
-270
-214
-145
-72
-3
45
65
72
81
91
105
120
133
131
108
71
40
26
25
39
68
100
116
114
104
96
93
91
88
82
60
15
-50
-119
-179
-232
-270
-291
-296
-302
-308
-302
-271
-216
-140
-46
61
166
250
308
352
389
415
431
434
416
362
273
165
50
-67
-169
-251
-312
-364
-413
-449
-469
-461
-425
-360
-268
-159
-47
53
139
219
287
346
397
439
453
434
386
314
228
134
40
-44
-119
-196
-274
-346
-396
-424
-421
-387
-323
-243
-160
-82
-7
67
138
213
288
350
384
383
351
297
227
152
79
15
-46
-111
-179
-240
-287
-312
-309
-279
-226
-162
-98
-36
19
67
114
162
207
237
244
225
186
136
81
27
-20
-56
-85
-118
-144
-162
-166
-153
-119
-67
-13
37
73
96
103
103
98
95
90
76
45
-1
-52
-102
-146
-171
-173
-156
-129
-95
-57
-18
22
68
122
176
220
249
257
243
212
166
112
56
-1
-65
-136
-206
-264
-313
-346
-350
-329
-288
-234
-170
-101
-28
51
135
221
304
371
412
428
417
382
325
262
194
120
36
-56
-153
-252
-343
-414
-458
-475
-468
-435
-385
-322
-248
-163
-62
47
159
260
347
415
460
476
472
452
418
363
289
195
89
-28
-141
-237
-318
-373
-408
-427
-428
-412
-382
-335
-264
-171
-76
18
102
172
218
248
268
281
285
278
261
227
181
126
70
19
-15
-38
-52
-56
-57
-61
-66
-69
-64
-59
-56
-57
-68
-87
-115
-144
-170
-187
-193
-187
-175
-157
-135
-101
-55
9
85
168
249
321
372
399
409
403
382
346
296
226
133
21
-99
-217
-325
-415
-480
-518
-535
-533
-517
-477
-410
-315
-203
-77
58
189
300
395
472
531
572
591
584
547
482
388
274
152
29
-90
-201
-302
-390
-470
-535
-573
-581
-557
-505
-426
-332
-232
-130
-27
74
174
273
362
433
482
502
494
458
409
345
273
197
119
33
-58
-145
-220
-278
-315
-331
-331
-321
-301
-273
-241
-201
-151
-99
-48
-1
37
58
69
80
90
99
112
127
141
151
155
159
166
176
192
203
209
203
181
143
93
36
-28
-93
-157
-219
-283
-341
-392
-427
-444
-435
-401
-342
-264
-171
-70
38
151
263
369
458
528
570
580
557
513
443
353
249
137
13
-116
-241
-356
-455
-526
-567
-579
-563
-524
-463
-387
-294
-189
-73
47
164
267
355
420
465
484
480
458
421
370
303
225
140
50
-41
-124
-198
-259
-305
-336
-352
-356
-344
-319
-281
-229
-168
-108
-50
6
58
101
141
176
205
224
231
221
199
171
141
111
85
65
45
26
11
-5
-22
-36
-46
-50
-51
-52
-59
-70
-85
-101
-120
-137
-152
-157
-159
-161
-154
-139
-116
-83
-38
16
75
135
194
244
284
312
330
336
327
299
247
177
94
4
-87
-175
-253
-318
-373
-413
-435
-436
-414
-360
-283
-189
-87
21
123
211
286
348
394
422
429
411
369
305
229
139
46
-41
-121
-194
-252
-297
-326
-338
-330
-301
-258
-201
-137
-70
-11
46
94
135
171
199
215
213
197
170
133
93
55
21
-8
-33
-56
-78
-99
-111
-113
-101
-82
-57
-30
-7
11
21
30
37
43
50
52
48
37
15
-7
-25
-42
-56
-64
-67
-70
-73
-68
-58
-39
-13
17
47
74
94
111
119
123
124
123
113
95
67
28
-20
-64
-104
-138
-160
-173
-178
-176
-164
-148
-118
-77
-24
33
86
135
173
197
206
206
194
168
134
92
41
-17
-76
-127
-170
-199
-214
-212
-199
-174
-137
-91
-37
23
85
143
188
217
228
221
203
172
133
85
34
-25
-86
-148
-201
-242
-263
-264
-248
-217
-172
-116
-58
7
73
137
192
238
269
282
274
251
216
170
113
55
-5
-65
-123
-175
-217
-244
-255
-253
-238
-213
-180
-140
-96
-48
5
56
106
149
180
199
206
205
196
180
159
134
102
67
27
-17
-57
-92
-119
-139
-148
-151
-148
-140
-125
-107
-87
-63
-35
-8
13
32
49
62
70
73
72
67
59
48
35
22
14
11
11
15
23
30
39
50
60
64
67
69
66
55
36
10
-24
-64
-104
-143
-177
-205
-219
-224
-219
-204
-173
-133
-77
-11
61
134
205
269
318
348
365
361
339
298
239
166
80
-11
-104
-193
-272
-337
-385
-414
-422
-411
-377
-324
-249
-162
-70
23
115
197
265
317
354
375
381
368
337
289
227
158
81
7
-61
-122
-174
-213
-243
-263
-272
-269
-251
-223
-187
-146
-104
-62
-24
11
41
69
96
117
133
141
144
141
136
134
130
122
113
103
85
64
42
24
6
-8
-25
-44
-65
-86
-109
-128
-143
-150
-153
-151
-146
-140
-134
-123
-103
-77
-46
-11
30
69
106
143
179
210
239
262
273
272
257
229
187
137
80
17
-50
-118
-187
-254
-313
-357
-383
-390
-375
-344
-295
-234
-162
-80
9
101
195
280
350
400
429
433
418
385
335
268
191
105
10
-86
-178
-254
-316
-359
-380
-383
-368
-335
-288
-230
-162
-89
-13
58
119
166
199
220
231
232
223
207
184
152
115
76
40
9
-14
-28
-38
-46
-51
-55
-62
-68
-70
-71
-72
-73
-79
-88
-98
-106
-109
-109
-101
-90
-73
-54
-31
-5
25
58
93
127
155
177
194
200
199
193
179
155
126
90
45
-4
-56
-105
-148
-184
-214
-236
-250
-255
-251
-238
-213
-176
-129
-74
-14
46
101
153
201
240
270
290
300
295
274
240
194
138
77
12
-56
-123
-184
-236
-278
-306
-317
-310
-288
-250
-202
-145
-83
-16
51
114
169
215
245
261
261
245
215
174
129
78
27
-23
-66
-103
-130
-148
-155
-151
-135
-107
-76
-44
-13
16
38
52
59
60
54
43
24
2
-23
-46
-66
-80
-88
-87
-78
-61
-36
-4
30
65
102
134
158
172
175
167
150
122
86
43
-1
-48
-96
-140
-178
-207
-223
-225
-215
-192
-161
-119
-72
-25
23
70
116
154
186
206
215
210
199
176
145
110
71
30
-10
-51
-88
-121
-145
-160
-169
-170
-164
-148
-127
-100
-69
-32
6
43
75
101
118
129
132
128
121
108
88
62
33
1
-32
-62
-85
-97
-103
-102
-95
-80
-60
-35
-9
19
48
76
96
108
112
107
95
74
47
14
-22
-58
-94
-126
-151
-166
-169
-160
-141
-110
-74
-30
19
70
119
165
202
228
237
234
213
177
134
83
25
-35
-92
-144
-189
-225
-249
-256
-247
-221
-185
-139
-85
-28
28
80
128
167
194
207
210
200
178
148
114
78
36
-5
-44
-78
-104
-121
-129
-127
-115
-97
-76
-54
-32
-10
9
29
43
51
53
51
41
26
9
-8
-23
-36
-45
-50
-51
-44
-34
-20
-2
18
42
62
83
100
110
116
117
111
98
77
51
21
-12
-46
-79
-110
-137
-157
-173
-183
-185
-178
-163
-139
-104
-63
-17
32
82
129
171
207
235
252
258
252
233
201
159
106
45
-20
-85
-148
-204
-247
-279
-297
-299
-285
-259
-220
-170
-109
-43
25
89
148
199
238
263
271
266
248
218
175
126
74
20
-32
-77
-116
-149
-170
-180
-178
-167
-147
-119
-84
-51
-18
9
30
45
52
55
50
43
31
17
2
-14
-26
-32
-31
-23
-8
12
36
62
85
106
123
134
137
131
114
90
56
18
-25
-68
-109
-148
-181
-207
-223
-228
-221
-203
-172
-130
-82
-32
20
72
123
169
208
242
264
274
270
251
221
181
132
79
22
-34
-91
-145
-193
-235
-266
-285
-288
-278
-256
-223
-180
-130
-72
-12
48
106
158
202
235
256
267
265
254
230
196
152
99
42
-14
-70
-118
-156
-185
-204
-214
-213
-203
-183
-155
-119
-78
-36
5
40
70
90
102
106
105
98
83
67
48
31
14
2
-4
-4
2
12
24
37
50
61
70
76
74
64
44
16
-16
-53
-91
-125
-152
-174
-190
-198
-197
-185
-159
-122
-75
-21
40
98
152
199
235
263
278
281
270
244
204
154
94
29
-38
-103
-162
-212
-252
-281
-294
-295
-277
-246
-205
-153
-97
-38
20
74
126
172
209
235
248
249
239
216
183
147
107
65
22
-21
-59
-97
-129
-156
-173
-180
-178
-170
-154
-133
-106
-78
-49
-18
13
41
64
82
95
103
104
101
92
81
65
48
29
11
-3
-13
-18
-17
-13
-8
-2
5
11
16
21
23
22
17
8
-10
-30
-53
-76
-94
-110
-121
-125
-121
-111
-96
-72
-41
-4
38
78
120
157
188
209
219
221
209
184
148
103
50
-8
-67
-122
-171
-210
-242
-260
-264
-255
-232
-195
-145
-87
-24
40
98
150
191
220
240
245
237
217
187
147
100
49
-2
-50
-91
-126
-151
-167
-172
-166
-152
-132
-106
-74
-44
-13
14
38
58
75
85
87
84
76
61
44
26
9
-6
-18
-26
-31
-33
-33
-29
-20
-8
5
20
33
46
56
60
59
54
45
33
16
-4
-23
-43
-62
-80
-95
-105
-111
-112
-108
-96
-78
-56
-28
3
36
67
94
119
138
152
160
161
154
138
117
85
43
1
-39
-82
-121
-155
-180
-194
-199
-195
-179
-152
-116
-75
-31
15
61
104
140
167
186
192
185
170
142
108
70
31
-9
-45
-77
-105
-126
-139
-139
-132
-115
-91
-59
-27
2
30
54
70
82
87
84
74
58
38
12
-15
-39
-59
-76
-86
-88
-85
-75
-55
-29
1
33
64
90
111
125
131
130
120
106
84
53
18
-21
-62
-100
-132
-155
-170
-174
-170
-159
-142
-114
-82
-45
-3
38
78
113
143
165
178
182
180
172
152
125
92
54
14
-25
-63
-97
-125
-147
-166
-179
-181
-175
-158
-132
-98
-62
-27
8
41
69
95
118
138
149
151
145
128
107
80
53
24
-2
-25
-47
-67
-80
-88
-89
-85
-74
-58
-44
-27
-11
2
15
25
31
34
30
21
8
-10
-28
-40
-49
-54
-53
-48
-42
-29
-10
12
37
69
100
125
142
151
151
140
121
96
62
24
-18
-62
-109
-151
-185
-210
-223
-223
-213
-194
-159
-115
-64
-10
46
103
155
194
223
240
247
242
226
202
164
121
70
13
-44
-97
-142
-177
-203
-217
-222
-218
-205
-183
-152
-114
-70
-26
18
59
94
121
142
156
165
162
154
139
119
93
67
41
14
-8
-29
-46
-64
-78
-84
-86
-84
-77
-69
-60
-50
-42
-34
-28
-20
-12
-5
2
4
4
4
1
0
0
2
9
19
28
39
51
63
74
86
96
99
102
97
86
70
49
23
-7
-41
-74
-110
-142
-169
-188
-195
-195
-182
-161
-132
-96
-52
-4
45
99
149
192
226
247
257
252
235
207
169
123
70
14
-46
-104
-155
-200
-233
-253
-262
-257
-240
-208
-167
-119
-66
-11
44
91
132
166
188
204
209
202
186
162
131
92
51
13
-22
-53
-77
-94
-105
-112
-111
-106
-99
-86
-71
-55
-41
-26
-12
-3
4
11
14
15
13
10
8
6
6
8
13
19
28
36
42
51
60
67
74
78
79
74
59
45
25
4
-19
-44
-68
-88
-108
-129
-144
-149
-149
-143
-127
-106
-77
-44
-8
30
67
105
139
166
185
197
200
194
178
154
125
85
41
-7
-57
-106
-147
-179
-205
-218
-221
-215
-199
-175
-142
-99
-53
-4
49
95
136
169
190
201
202
194
176
149
116
77
35
-7
-44
-78
-105
-125
-136
-140
-137
-125
-106
-83
-56
-29
-3
16
32
42
49
53
55
50
42
32
19
3
-13
-20
-26
-26
-21
-11
0
12
25
37
49
60
67
72
70
62
50
31
10
-12
-36
-60
-84
-105
-120
-131
-133
-128
-115
-94
-68
-41
-11
19
51
81
110
135
153
163
164
155
137
116
88
58
25
-10
-43
-76
-110
-135
-154
-166
-168
-162
-148
-128
-102
-70
-36
0
37
72
100
124
139
149
149
144
133
113
88
59
26
-8
-43
-69
-88
-103
-109
-110
-104
-91
-77
-58
-36
-11
14
36
51
63
72
70
66
54
34
25
6
-16
-33
-51
-57
-58
-63
-52
-38
-20
0
17
38
60
76
90
96
96
91
79
57
32
6
-22
-48
-76
-98
-114
-127
-131
-129
-120
-99
-76
-50
-21
8
39
67
90
111
128
138
141
135
125
108
86
60
30
2
-24
-55
-80
-101
-118
-129
-135
-133
-125
-112
-92
-68
-43
-12
18
44
69
89
106
115
116
114
107
92
74
52
27
4
-21
-43
-61
-74
-78
-77
-73
-61
-45
-28
-10
7
23
36
44
51
50
44
34
19
2
-17
-37
-55
-68
-78
-78
-75
-66
-49
-26
0
29
56
83
107
126
139
143
138
126
104
73
37
-1
-44
-84
-121
-151
-174
-189
-191
-184
-167
-140
-105
-65
-20
27
72
113
147
174
190
195
191
178
155
126
93
53
13
-27
-65
-96
-125
-144
-153
-158
-154
-142
-125
-103
-78
-52
-24
2
25
47
66
81
93
97
99
96
89
79
64
50
36
22
9
-3
-12
-23
-30
-36
-40
-40
-39
-39
-35
-29
-27
-25
-23
-21
-21
-21
-24
-22
-25
-25
-24
-25
-23
-19
-12
-3
6
18
34
49
65
78
91
102
108
108
102
90
75
54
25
-5
-38
-72
-105
-138
-163
-182
-193
-192
-181
-160
-129
-91
-47
3
52
101
144
183
215
233
238
233
214
184
143
95
44
-11
-65
-114
-158
-192
-214
-227
-229
-216
-193
-162
-123
-81
-33
14
55
92
122
143
156
159
154
143
127
105
79
52
27
2
-21
-40
-53
-60
-65
-63
-59
-55
-47
-41
-36
-31
-27
-26
-26
-26
-26
-29
-31
-32
-29
-25
-21
-15
-4
8
24
38
52
66
80
90
94
96
95
89
79
64
48
29
6
-17
-42
-65
-86
-105
-121
-132
-136
-137
-134
-123
-108
-87
-61
-33
0
36
69
100
129
154
174
184
186
181
170
149
117
81
42
-1
-47
-93
-133
-166
-194
-212
-219
-213
-197
-172
-139
-97
-50
-4
42
89
131
165
188
201
206
197
177
149
113
75
34
-8
-44
-81
-107
-128
-140
-142
-135
-123
-104
-80
-53
-26
-2
20
38
50
55
53
47
39
28
18
4
-6
-13
-16
-17
-15
-8
4
19
34
48
63
73
78
77
70
59
42
23
-1
-24
-49
-74
-96
-112
-125
-131
-131
-124
-108
-86
-60
-30
1
36
69
95
119
136
149
154
150
143
127
106
79
48
16
-17
-48
-75
-100
-119
-131
-140
-143
-141
-130
-115
-95
-71
-42
-13
17
44
70
94
113
128
136
139
136
125
109
87
63
35
4
-26
-56
-82
-103
-119
-125
-127
-118
-105
-88
-64
-37
-10
15
39
62
79
88
92
88
78
62
43
20
-2
-22
-40
-54
-62
-64
-60
-51
-37
-19
3
24
45
62
74
82
84
79
65
46
22
-5
-32
-59
-84
-104
-119
-126
-128
-119
-102
-79
-49
-14
23
57
88
116
135
148
152
146
132
110
83
51
14
-23
-56
-86
-109
-128
-137
-139
-133
-120
-99
-74
-45
-16
11
37
58
75
87
93
95
92
83
72
56
38
20
3
-12
-26
-37
-45
-48
-51
-50
-45
-40
-31
-20
-13
-3
4
13
21
25
29
31
29
24
17
9
1
-8
-16
-24
-31
-37
-40
-43
-42
-36
-26
-16
-3
12
29
43
56
67
75
81
82
77
68
54
35
11
-14
-39
-63
-87
-108
-124
-134
-136
-131
-116
-94
-65
-31
2
37
73
104
131
152
166
170
162
143
117
84
46
4
-36
-71
-102
-128
-148
-158
-159
-149
-131
-106
-75
-41
-7
24
53
77
94
107
109
105
95
79
58
37
16
-2
-20
-35
-44
-49
-50
-47
-38
-23
-8
6
21
30
37
39
35
27
18
8
-6
-24
-41
-55
-68
-76
-82
-79
-69
-57
-40
-19
4
30
52
73
93
109
117
118
114
106
93
74
54
30
5
-22
-51
-77
-97
-114
-125
-133
-136
-130
-121
-109
-91
-69
-42
-14
19
50
80
108
130
147
159
166
162
153
134
112
83
47
10
-26
-63
-98
-131
-156
-172
-181
-180
-169
-150
-122
-89
-56
-20
18
56
88
116
138
153
157
152
139
120
95
67
37
8
-17
-41
-61
-75
-81
-82
-79
-71
-58
-43
-29
-16
-4
6
12
13
8
-1
-11
-22
-34
-44
-47
-46
-42
-33
-18
0
20
42
67
93
115
130
139
139
133
117
92
61
26
-11
-49
-89
-124
-152
-173
-187
-190
-184
-168
-145
-114
-76
-33
12
55
96
132
162
183
194
195
191
178
158
130
98
60
19
-21
-61
-94
-122
-146
-162
-170
-172
-168
-159
-143
-121
-94
-65
-34
0
31
62
89
113
133
147
154
155
150
140
123
101
77
49
19
-12
-44
-73
-98
-118
-130
-135
-135
-125
-112
-97
-77
-54
-30
-7
16
36
52
63
69
69
66
60
52
43
33
25
20
14
13
16
19
25
30
30
33
32
28
22
11
-1
-16
-38
-60
-83
-103
-119
-131
-132
-127
-115
-97
-72
-42
-7
29
67
105
139
169
189
200
200
188
166
134
94
49
1
-48
-94
-135
-168
-194
-209
-213
-206
-190
-164
-130
-89
-43
3
47
88
121
146
162
170
170
162
149
130
105
77
47
14
-15
-44
-66
-85
-97
-106
-110
-110
-106
-98
-88
-76
-61
-46
-30
-12
6
22
38
50
61
67
69
69
66
62
57
51
44
35
25
12
-1
-14
-22
-29
-32
-33
-32
-30
-29
-27
-27
-26
-25
-22
-21
-20
-19
-19
-21
-22
-23
-24
-23
-19
-14
-6
5
19
35
49
66
77
86
92
93
89
80
68
50
28
-1
-31
-62
-92
-118
-136
-148
-150
-145
-130
-109
-82
-49
-13
24
61
99
130
152
167
170
165
151
126
95
57
19
-19
-57
-89
-114
-131
-142
-144
-137
-124
-104
-78
-47
-14
19
50
75
94
105
109
104
92
78
61
40
18
-5
-26
-44
-59
-68
-71
-69
-60
-50
-37
-19
-2
15
29
42
52
56
56
52
46
38
27
16
4
-11
-24
-38
-49
-55
-58
-57
-54
-48
-41
-35
-26
-17
-6
7
21
36
49
59
67
70
71
68
64
56
44
32
17
0
-19
-36
-51
-65
-75
-83
-86
-85
-78
-66
-52
-32
-11
10
28
45
60
70
78
81
80
73
63
48
28
9
-9
-25
-39
-48
-53
-54
-52
-45
-34
-23
-10
6
21
32
41
46
45
41
33
19
1
-19
-37
-55
-69
-77
-78
-73
-63
-45
-24
-1
26
51
77
100
118
128
130
123
108
85
54
19
-16
-51
-84
-113
-135
-152
-159
-155
-143
-122
-96
-64
-28
10
49
86
117
142
161
169
168
158
139
114
83
50
14
-24
-59
-93
-123
-146
-161
-169
-169
-162
-147
-127
-103
-75
-43
-10
22
54
83
107
127
142
151
154
154
146
131
113
92
68
43
14
-15
-41
-67
-90
-111
-128
-138
-141
-139
-131
-115
-96
-77
-54
-31
-7
16
36
56
71
82
90
92
90
86
79
71
62
52
44
36
29
24
19
14
8
1
-8
-18
-29
-42
-57
-71
-85
-99
-111
-120
-125
-125
-119
-105
-84
-59
-29
7
42
78
114
148
176
198
213
216
208
188
159
121
76
26
-27
-79
-128
-172
-208
-234
-249
-250
-241
-222
-190
-151
-106
-55
-2
51
100
145
180
203
217
221
215
198
175
146
112
75
37
-2
-39
-70
-98
-121
-139
-149
-153
-154
-148
-137
-122
-105
-85
-64
-43
-21
0
21
40
59
77
92
104
113
117
118
115
110
102
89
75
58
39
20
-1
-22
-41
-59
-74
-87
-98
-105
-110
-114
-113
-108
-100
-90
-76
-58
-40
-20
1
22
43
61
81
98
114
128
140
146
148
145
136
119
98
72
42
7
-28
-63
-99
-133
-163
-188
-205
-213
-211
-201
-181
-150
-113
-69
-18
36
86
135
175
210
234
244
244
233
210
178
135
89
38
-12
-62
-107
-146
-175
-196
-207
-208
-200
-182
-157
-125
-89
-52
-14
21
51
78
99
113
121
124
121
116
105
93
79
65
50
35
21
7
-4
-13
-22
-28
-33
-37
-43
-48
-53
-60
-67
-73
-76
-77
-76
-73
-66
-57
-42
-28
-11
8
28
48
65
82
97
108
116
118
116
110
99
84
65
44
21
-3
-28
-53
-74
-94
-110
-123
-131
-132
-131
-125
-114
-100
-81
-58
-33
-4
27
58
87
112
135
152
160
163
160
150
133
109
81
49
14
-22
-58
-91
-120
-142
-159
-168
-169
-161
-146
-124
-95
-61
-29
7
40
69
94
113
126
131
131
124
110
91
70
46
22
-4
-25
-41
-55
-64
-67
-66
-60
-50
-39
-27
-14
-4
4
7
9
7
0
-9
-18
-26
-35
-42
-44
-42
-37
-28
-17
-4
12
30
46
64
80
93
101
102
98
90
72
49
26
0
-24
-47
-71
-90
-104
-115
-122
-125
-118
-105
-88
-67
-43
-14
11
35
58
77
93
104
108
110
107
99
88
72
54
36
17
-2
-21
-38
-52
-63
-73
-80
-83
-84
-81
-77
-67
-55
-41
-27
-11
5
19
31
41
48
55
58
59
57
54
47
39
28
17
6
-5
-15
-22
-24
-25
-24
-20
-14
-8
-2
3
7
10
10
9
4
-4
-13
-23
-35
-46
-54
-61
-63
-63
-57
-47
-33
-16
5
28
52
75
95
111
122
126
123
111
94
71
43
12
-20
-51
-81
-108
-128
-145
-152
-152
-145
-131
-109
-80
-49
-15
20
53
81
105
123
134
137
134
124
109
91
70
45
20
-4
-26
-46
-62
-72
-79
-81
-81
-77
-71
-63
-55
-46
-37
-29
-20
-12
-7
-1
6
11
16
21
26
30
34
40
46
52
58
62
64
62
56
48
35
23
13
4
-4
-10
-13
-18
-25
-33
-43
-52
-61
-67
-72
-73
-75
-77
-77
-76
-71
-65
-55
-39
-19
4
25
51
74
95
115
132
144
153
159
156
146
130
108
80
47
12
-21
-56
-87
-115
-138
-156
-167
-171
-168
-159
-142
-119
-93
-65
-36
-7
19
40
60
75
86
94
97
96
93
87
79
72
65
57
50
41
34
27
21
14
9
3
-6
-18
-33
-49
-67
-84
-99
-109
-114
-116
-112
-106
-94
-79
-59
-35
-6
25
59
90
117
140
155
165
167
161
150
131
105
74
39
3
-34
-69
-100
-126
-147
-163
-170
-172
-164
-149
-128
-101
-70
-37
-4
27
58
85
110
131
145
153
155
149
137
120
98
77
52
25
-1
-28
-54
-78
-100
-118
-129
-134
-133
-126
-112
-96
-76
-54
-32
-8
16
36
56
74
87
96
101
100
94
82
67
51
34
20
5
-8
-18
-26
-32
-37
-42
-41
-39
-38
-33
-29
-26
-23
-23
-23
-25
-26
-28
-32
-34
-33
-32
-27
-18
-7
4
18
31
45
60
72
84
94
101
101
94
80
59
34
9
-20
-44
-67
-87
-105
-120
-130
-133
-131
-120
-100
-75
-45
-13
18
47
73
94
111
121
126
126
117
104
86
64
41
18
-6
-28
-47
-64
-79
-88
-91
-89
-83
-74
-62
-49
-36
-23
-10
3
16
28
36
41
44
44
40
36
32
28
23
19
16
12
7
2
-3
-6
-8
-9
-8
-7
-5
-3
-3
-4
-6
-7
-10
-14
-15
-16
-16
-17
-18
-21
-25
-28
-31
-32
-31
-24
-18
-10
1
12
23
33
44
54
64
70
74
74
69
61
46
30
12
-9
-30
-52
-73
-89
-101
-108
-109
-103
-92
-78
-60
-39
-16
10
36
61
83
102
113
116
113
103
91
74
56
36
15
-8
-33
-53
-71
-83
-89
-89
-82
-71
-58
-44
-29
-14
1
12
23
30
34
36
34
29
23
17
11
5
-1
-4
-5
-5
0
6
15
25
32
38
40
39
37
34
28
20
11
-1
-16
-30
-48
-62
-73
-80
-83
-82
-73
-63
-49
-34
-19
-2
14
31
47
62
77
90
100
104
103
97
87
71
53
34
13
-7
-27
-47
-66
-84
-100
-113
-120
-121
-116
-105
-91
-71
-51
-29
-5
19
43
66
88
105
118
128
131
129
119
105
85
61
34
6
-22
-48
-71
-89
-103
-112
-117
-116
-110
-99
-83
-63
-41
-17
6
23
38
49
57
62
65
66
63
60
54
47
38
30
25
21
19
17
18
17
14
11
6
-1
-10
-22
-34
-47
-58
-70
-79
-85
-88
-87
-85
-79
-66
-51
-31
-6
21
50
78
102
122
135
143
144
139
129
113
92
65
33
-1
-36
-71
-101
-127
-147
-159
-164
-162
-153
-136
-116
-91
-63
-31
1
33
64
92
115
133
145
151
149
142
131
115
96
74
49
23
-5
-34
-61
-87
-109
-125
-136
-141
-140
-134
-122
-106
-87
-67
-44
-19
7
31
56
76
94
106
115
118
117
107
97
85
69
54
39
23
6
-11
-29
-44
-58
-69
-76
-80
-81
-81
-79
-77
-74
-70
-64
-56
-45
-33
-19
-4
11
26
39
53
68
81
93
103
111
116
116
112
103
88
68
44
16
-13
-43
-74
-102
-126
-145
-159
-168
-170
-165
-152
-131
-103
-68
-28
11
52
89
121
148
168
180
186
184
175
156
132
101
65
26
-13
-51
-85
-114
-139
-155
-165
-168
-165
-155
-141
-119
-95
-66
-36
-5
25
52
77
96
110
119
124
124
121
114
105
92
76
58
38
18
-2
-21
-40
-54
-68
-80
-88
-94
-98
-98
-98
-92
-86
-76
-63
-47
-30
-11
7
24
40
54
66
75
84
91
95
96
95
91
83
71
58
43
27
12
-4
-22
-40
-57
-75
-91
-105
-115
-121
-122
-120
-112
-99
-83
-64
-40
-14
15
43
70
97
121
139
153
161
161
156
141
119
93
64
29
-5
-40
-75
-105
-131
-151
-167
-174
-175
-164
-145
-121
-91
-56
-22
14
45
76
101
122
137
146
148
141
131
114
93
67
41
16
-8
-29
-49
-64
-74
-81
-87
-89
-87
-82
-75
-67
-57
-46
-35
-24
-15
-6
4
10
18
26
34
42
49
55
60
63
65
64
61
57
53
46
37
29
18
6
-7
-21
-36
-50
-64
-74
-81
-85
-85
-83
-77
-70
-59
-48
-34
-18
2
20
40
57
72
85
93
98
101
100
96
89
77
63
45
26
3
-20
-41
-61
-80
-96
-106
-114
-117
-115
-108
-95
-79
-60
-37
-12
15
40
62
84
101
113
118
116
110
99
85
66
45
24
2
-20
-41
-59
-72
-82
-86
-86
-81
-71
-60
-47
-33
-19
-6
6
16
22
28
31
31
30
27
23
17
11
7
5
5
6
8
14
20
24
27
29
30
30
27
23
18
9
-2
-14
-29
-42
-54
-64
-72
-75
-74
-70
-64
-54
-40
-24
-5
12
28
45
59
72
81
86
88
86
80
68
55
40
23
6
-9
-24
-38
-51
-62
-72
-78
-82
-81
-77
-69
-58
-46
-33
-18
-5
7
20
33
45
55
62
68
71
70
67
60
51
41
27
13
1
-11
-22
-30
-38
-44
-48
-51
-51
-49
-44
-36
-28
-20
-11
-5
0
3
6
6
7
8
8
9
8
7
6
6
9
12
17
25
31
38
45
48
50
48
44
37
25
11
-3
-20
-37
-54
-70
-83
-94
-103
-105
-102
-92
-76
-55
-31
-5
20
45
68
88
105
115
122
122
116
104
89
67
44
19
-7
-32
-55
-75
-91
-102
-109
-110
-107
-99
-88
-73
-57
-40
-21
-3
16
34
47
58
65
70
73
73
74
72
68
62
53
42
31
20
8
-3
-12
-21
-32
-40
-48
-56
-60
-65
-68
-67
-65
-61
-54
-45
-34
-22
-10
3
15
26
36
46
54
61
67
72
74
73
71
66
59
50
39
31
21
7
-8
-25
-41
-56
-72
-85
-95
-103
-106
-109
-105
-97
-85
-68
-49
-25
2
29
57
85
108
129
143
150
152
147
135
116
94
65
35
2
-33
-66
-98
-126
-148
-161
-167
-164
-153
-135
-114
-87
-57
-27
6
36
65
90
109
122
131
132
129
121
108
92
73
53
33
14
-4
-21
-36
-48
-59
-69
-76
-81
-84
-84
-83
-79
-75
-69
-62
-54
-43
-30
-15
2
20
36
53
68
80
91
99
105
107
108
102
93
79
63
44
22
-3
-27
-48
-70
-88
-103
-113
-119
-122
-121
-115
-105
-93
-78
-57
-34
-10
16
40
63
83
101
115
126
133
136
136
129
117
101
80
55
28
-3
-32
-62
-91
-117
-139
-154
-165
-169
-165
-154
-136
-112
-82
-49
-12
25
60
92
120
142
157
166
168
163
152
133
108
79
46
10
-24
-53
-78
-99
-114
-124
-128
-128
-124
-113
-100
-83
-65
-47
-29
-10
6
23
37
46
54
61
65
69
70
71
75
76
74
73
69
62
52
41
27
12
-4
-20
-39
-57
-76
-93
-107
-117
-121
-120
-114
-102
-87
-70
-49
-25
2
28
55
79
101
118
130
137
138
133
122
106
85
63
39
13
-12
-36
-57
-79
-98
-113
-124
-130
-132
-128
-119
-105
-87
-68
-47
-24
-1
23
46
69
89
107
121
129
133
132
124
111
95
74
49
23
-5
-31
-56
-79
-99
-115
-126
-129
-130
-123
-109
-91
-70
-49
-27
-3
19
39
56
71
83
88
89
87
81
71
60
48
37
27
18
10
2
-4
-10
-15
-20
-24
-27
-32
-37
-43
-48
-53
-57
-62
-64
-65
-63
-60
-53
-40
-25
-7
13
32
52
70
85
97
105
110
109
104
92
77
58
35
10
-15
-38
-61
-81
-98
-109
-117
-121
-119
-112
-99
-81
-60
-36
-9
16
40
62
81
97
107
114
115
111
104
91
76
57
35
12
-13
-37
-58
-74
-83
-89
-92
-89
-83
-73
-63
-51
-37
-22
-6
8
21
34
44
51
54
55
52
47
40
32
23
16
7
1
-5
-9
-12
-13
-11
-8
-3
2
8
14
18
18
16
12
6
-1
-11
-22
-32
-45
-57
-68
-74
-78
-77
-69
-56
-38
-15
9
34
60
84
103
117
126
130
125
115
96
74
48
18
-16
-49
-80
-108
-131
-147
-152
-148
-137
-118
-94
-66
-35
-4
27
57
83
104
120
128
129
123
111
93
73
50
25
1
-21
-40
-56
-67
-75
-77
-73
-67
-58
-47
-33
-20
-8
2
9
14
17
18
16
13
11
7
3
0
-3
-4
-5
-4
-1
3
10
17
25
33
38
42
44
43
41
36
30
21
11
1
-11
-24
-37
-49
-61
-71
-78
-83
-84
-81
-73
-62
-48
-31
-13
8
30
52
72
92
108
119
124
123
116
104
86
65
39
10
-20
-50
-80
-105
-126
-142
-150
-151
-143
-129
-107
-79
-49
-19
14
45
74
99
117
128
136
133
126
113
94
70
42
14
-13
-37
-56
-71
-78
-81
-80
-75
-67
-55
-43
-31
-18
-7
3
9
13
13
10
5
-1
-6
-12
-14
-14
-12
-8
0
9
21
35
47
59
70
77
80
80
75
64
49
30
9
-16
-40
-64
-84
-102
-114
-124
-128
-125
-116
-102
-84
-60
-32
-2
28
57
82
104
123
135
140
141
136
125
110
90
66
39
10
-20
-50
-78
-102
-122
-136
-147
-150
-147
-138
-124
-106
-83
-55
-26
6
38
68
95
116
133
144
147
145
136
121
101
77
48
19
-11
-40
-65
-86
-102
-112
-116
-113
-106
-94
-79
-62
-44
-26
-9
6
19
30
38
43
45
44
40
37
32
27
23
24
26
29
34
40
44
47
47
46
42
37
26
15
-1
-21
-40
-62
-83
-102
-116
-125
-128
-124
-113
-96
-74
-47
-15
18
51
83
113
138
156
168
171
166
151
128
102
70
34
-3
-39
-72
-102
-127
-147
-159
-165
-164
-155
-139
-118
-91
-61
-29
2
31
59
83
103
119
130
136
137
133
123
109
90
68
43
17
-7
-31
-53
-72
-87
-99
-107
-110
-110
-105
-96
-83
-67
-49
-28
-9
9
26
41
52
61
67
70
70
68
64
57
49
41
31
23
16
11
6
2
-1
-1
-4
-7
-10
-16
-22
-29
-37
-47
-55
-63
-69
-76
-79
-79
-75
-65
-52
-33
-9
17
44
71
96
116
132
142
146
143
134
116
92
63
30
-7
-45
-79
-111
-137
-157
-169
-171
-164
-151
-131
-104
-71
-37
-1
34
67
96
121
138
148
150
145
133
114
93
68
41
15
-11
-32
-54
-72
-86
-94
-98
-97
-93
-83
-72
-59
-45
-33
-20
-8
3
13
22
29
36
42
45
47
47
45
42
40
36
32
28
24
21
16
10
4
-3
-8
-15
-19
-23
-26
-28
-32
-36
-39
-42
-44
-45
-46
-44
-44
-40
-34
-27
-16
-6
5
20
36
50
63
75
87
93
97
94
88
78
62
42
20
-5
-29
-53
-77
-98
-114
-127
-133
-134
-125
-109
-88
-63
-33
-2
28
57
82
104
121
130
134
130
120
104
81
54
26
-3
-30
-55
-75
-89
-98
-101
-99
-91
-78
-63
-46
-28
-10
8
23
34
42
47
47
44
38
29
19
11
3
-3
-8
-10
-12
-10
-6
-1
5
12
18
24
28
29
28
24
19
10
-1
-11
-22
-32
-41
-49
-54
-57
-59
-59
-55
-48
-38
-27
-12
4
20
34
47
58
67
73
75
76
74
70
61
49
36
20
2
-15
-34
-50
-64
-76
-85
-91
-92
-89
-83
-72
-59
-42
-23
-3
19
40
59
75
86
93
96
93
85
73
59
43
23
2
-17
-34
-50
-63
-70
-72
-70
-65
-55
-42
-28
-14
0
12
22
29
34
34
33
28
20
11
1
-9
-17
-23
-27
-27
-22
-15
-7
3
19
32
43
52
58
64
62
57
47
34
19
-2
-24
-44
-64
-80
-93
-100
-102
-98
-89
-75
-58
-35
-12
12
36
59
79
95
106
111
112
106
95
79
62
42
20
-3
-23
-43
-61
-75
-87
-95
-98
-96
-91
-81
-68
-54
-38
-21
-3
12
29
43
56
68
75
79
79
76
71
62
50
36
24
12
-3
-15
-25
-34
-41
-46
-49
-50
-49
-46
-42
-35
-28
-20
-12
-6
-1
3
4
6
8
8
9
9
9
11
12
14
17
21
27
34
39
46
50
52
52
48
41
31
18
3
-15
-33
-51
-69
-84
-97
-105
-108
-107
-99
-85
-66
-43
-15
12
41
69
93
112
127
137
138
133
123
105
83
55
24
-8
-38
-66
-90
-110
-124
-130
-133
-128
-116
-100
-81
-58
-33
-7
16
38
59
76
87
93
95
94
87
78
67
53
40
26
11
-3
-15
-27
-35
-42
-47
-50
-51
-52
-51
-50
-46
-41
-39
-34
-29
-22
-16
-10
-4
4
10
16
23
29
36
40
44
47
50
51
50
48
45
40
35
27
18
10
0
-10
-23
-34
-47
-59
-69
-78
-83
-85
-85
-80
-73
-62
-47
-31
-10
10
34
55
76
94
108
120
124
124
116
105
86
63
38
9
-21
-50
-77
-101
-120
-134
-142
-142
-136
-123
-104
-80
-53
-23
7
35
62
84
102
114
121
122
117
106
90
72
50
27
5
-15
-34
-49
-60
-68
-72
-72
-70
-66
-59
-52
-43
-35
-26
-18
-12
-6
-2
3
5
8
11
15
19
25
29
34
38
43
47
48
50
50
49
43
36
28
17
5
-9
-23
-36
-48
-60
-71
-77
-81
-83
-80
-75
-65
-53
-39
-24
-6
13
32
49
64
78
89
97
99
98
94
87
75
59
42
23
2
-21
-42
-62
-80
-93
-104
-110
-111
-109
-100
-88
-70
-50
-28
-3
21
45
66
85
97
107
112
108
102
89
73
56
35
14
-6
-27
-46
-60
-72
-79
-81
-79
-72
-64
-52
-39
-26
-14
-2
8
16
22
26
28
27
24
22
19
15
11
10
10
11
12
15
20
25
29
31
32
32
28
24
15
7
-6
-17
-29
-42
-54
-65
-72
-76
-76
-71
-62
-51
-36
-19
0
18
36
54
69
79
88
92
91
84
77
64
49
32
13
-6
-24
-41
-55
-66
-75
-80
-83
-81
-77
-70
-59
-45
-31
-15
2
18
32
43
54
63
68
70
70
68
62
54
42
30
17
5
-9
-21
-31
-40
-46
-51
-51
-50
-46
-41
-34
-26
-17
-9
-1
5
12
17
19
20
20
17
13
10
7
4
1
-1
-1
-1
3
7
12
17
22
27
31
31
31
28
22
14
5
-7
-19
-32
-44
-54
-62
-67
-70
-68
-62
-53
-42
-24
-6
13
32
48
63
74
81
84
83
78
69
56
41
22
5
-14
-33
-49
-61
-70
-76
-77
-74
-67
-62
-51
-37
-23
-8
4
15
27
36
41
44
46
46
43
39
32
26
18
14
8
3
0
-4
-8
-10
-11
-12
-12
-13
-13
-13
-12
-14
-16
-17
-17
-18
-18
-19
-18
-17
-16
-14
-12
-8
-4
-1
4
9
15
19
25
31
35
40
41
43
41
40
35
28
21
11
0
-12
-25
-37
-49
-61
-69
-75
-75
-75
-70
-62
-51
-35
-18
1
18
38
55
68
80
88
92
90
85
75
61
44
24
4
-16
-34
-52
-66
-77
-84
-88
-87
-81
-71
-59
-44
-29
-13
3
17
29
38
47
52
54
53
50
45
37
31
23
17
12
6
2
0
-2
-3
-4
-5
-6
-8
-12
-16
-21
-26
-30
-35
-39
-41
-42
-42
-43
-38
-33
-23
-14
-3
11
23
35
45
56
64
70
72
72
69
63
54
41
28
12
-4
-20
-36
-50
-62
-73
-80
-84
-84
-81
-76
-68
-55
-40
-25
-6
12
30
48
61
71
81
90
92
91
87
79
69
54
36
19
0
-20
-40
-56
-70
-81
-89
-94
-92
-87
-79
-68
-54
-37
-20
-4
14
31
46
58
66
70
72
69
64
58
50
41
31
21
11
1
-7
-14
-20
-24
-26
-28
-31
-33
-34
-35
-37
-38
-40
-39
-39
-38
-35
-31
-25
-18
-10
0
12
25
36
47
59
69
76
80
80
78
70
59
45
30
13
-7
-27
-45
-63
-79
-92
-99
-102
-100
-94
-84
-68
-51
-32
-10
11
31
51
67
80
90
96
98
96
90
81
69
53
35
18
1
-17
-33
-48
-60
-70
-77
-83
-83
-81
-77
-68
-58
-45
-31
-18
-3
11
25
39
49
58
66
69
70
68
63
58
50
39
30
18
7
-4
-14
-23
-31
-38
-43
-48
-50
-51
-50
-49
-44
-40
-35
-30
-25
-19
-13
-6
1
9
17
25
31
38
44
49
53
55
58
57
54
49
41
32
20
6
-10
-25
-41
-53
-64
-76
-84
-87
-88
-83
-75
-66
-49
-32
-13
8
28
48
63
77
86
92
93
91
85
74
60
44
26
8
-12
-28
-43
-56
-66
-73
-76
-76
-73
-67
-59
-48
-37
-25
-12
0
11
22
31
38
43
46
47
46
45
42
38
35
31
25
19
12
6
0
-7
-13
-18
-22
-26
-31
-35
-38
-39
-41
-41
-39
-35
-32
-26
-20
-14
-6
2
9
16
23
29
34
39
41
44
45
43
40
36
31
23
16
8
-2
-10
-19
-29
-38
-45
-53
-57
-60
-59
-56
-52
-45
-36
-25
-12
-2
12
25
37
47
56
63
66
66
63
57
48
38
25
12
0
-13
-25
-36
-45
-52
-56
-57
-56
-51
-45
-37
-27
-17
-6
2
11
17
23
27
29
30
30
28
25
21
18
14
11
8
7
7
7
6
7
7
6
5
2
0
-4
-8
-12
-17
-21
-26
-30
-33
-34
-35
-33
-28
-23
-15
-7
2
10
17
25
33
40
44
47
47
48
46
38
32
23
14
3
-8
-18
-27
-33
-41
-45
-48
-49
-49
-47
-43
-37
-29
-20
-11
0
9
17
25
31
36
40
43
43
43
41
38
32
26
19
11
3
-5
-12
-18
-24
-30
-33
-35
-36
-35
-34
-30
-26
-21
-15
-10
-5
0
4
7
8
11
13
14
16
18
19
21
22
22
23
24
24
25
24
23
21
16
12
5
-3
-13
-22
-30
-38
-43
-48
-50
-52
-50
-46
-40
-33
-22
-11
2
16
29
41
51
61
66
68
67
63
57
48
36
24
10
-5
-20
-33
-45
-54
-62
-64
-65
-63
-57
-51
-42
-32
-22
-11
0
11
21
29
37
42
44
45
44
42
39
36
33
27
23
17
11
4
-3
-10
-16
-22
-27
-32
-34
-37
-39
-39
-39
-38
-36
-33
-28
-23
-16
-9
-1
6
14
21
27
33
38
42
45
47
46
46
42
37
30
22
13
4
-5
-16
-28
-38
-46
-54
-60
-65
-67
-65
-61
-55
-46
-33
-22
-7
7
20
35
47
60
69
76
81
82
77
70
60
45
30
13
-5
-21
-37
-51
-63
-72
-78
-82
-81
-77
-68
-58
-44
-29
-14
1
16
29
39
48
53
57
59
57
55
51
45
38
30
21
12
4
-4
-10
-16
-22
-27
-31
-34
-39
-42
-43
-43
-43
-41
-39
-36
-31
-26
-19
-14
-5
5
15
24
34
44
51
56
59
60
59
56
50
42
33
22
8
-6
-20
-34
-48
-60
-68
-75
-78
-77
-74
-67
-59
-48
-35
-22
-6
10
25
40
52
64
72
77
80
79
75
67
58
46
32
17
0
-16
-31
-45
-58
-69
-75
-79
-80
-77
-71
-62
-50
-38
-23
-9
6
21
35
47
57
63
66
66
62
58
52
44
35
26
16
6
-5
-14
-22
-29
-35
-38
-40
-40
-40
-38
-37
-33
-30
-27
-24
-20
-16
-11
-6
-1
7
12
17
24
30
37
41
45
50
52
52
51
46
39
30
17
5
-8
-20
-34
-46
-57
-65
-71
-76
-75
-71
-63
-53
-41
-26
-10
7
22
36
50
60
69
73
75
75
71
63
54
42
27
12
-5
-19
-31
-42
-50
-57
-62
-64
-64
-61
-57
-48
-37
-27
-15
-4
7
17
26
33
40
43
45
46
44
42
39
34
28
22
14
7
0
-6
-12
-17
-19
-23
-24
-26
-27
-27
-26
-24
-22
-19
-17
-14
-12
-10
-8
-6
-3
0
4
10
14
19
23
27
31
35
37
38
38
37
34
29
23
14
4
-7
-18
-29
-41
-49
-55
-59
-60
-58
-55
-49
-40
-30
-17
-4
11
25
38
49
57
62
65
64
61
53
45
34
21
9
-5
-18
-29
-38
-45
-50
-52
-51
-49
-45
-37
-29
-21
-12
-5
4
9
15
19
23
25
26
24
22
17
15
11
8
6
6
5
4
3
2
1
0
0
-1
1
0
-4
-6
-8
-11
-14
-17
-21
-23
-26
-28
-28
-26
-22
-20
-14
-9
-3
4
11
19
26
34
39
43
45
45
44
39
33
26
18
7
-3
-15
-26
-36
-45
-52
-56
-59
-58
-54
-48
-40
-30
-19
-6
6
18
30
38
47
52
56
57
54
49
41
30
21
8
-2
-13
-21
-29
-35
-39
-41
-42
-41
-37
-30
-25
-18
-10
-4
0
4
7
9
10
8
8
6
4
3
3
2
3
5
8
10
13
17
19
22
24
25
23
19
15
8
0
-8
-16
-25
-32
-39
-45
-51
-52
-51
-48
-43
-34
-24
-13
1
13
24
35
47
55
60
65
66
63
57
50
39
26
13
-2
-16
-30
-42
-52
-60
-65
-66
-66
-63
-58
-50
-39
-27
-14
0
13
25
36
44
52
56
58
58
56
50
44
35
25
15
4
-6
-15
-24
-30
-34
-37
-39
-39
-37
-33
-29
-25
-20
-15
-10
-5
-2
2
3
4
6
8
9
10
13
15
20
24
25
28
30
32
32
31
30
26
22
15
7
-3
-13
-24
-35
-44
-53
-61
-66
-67
-66
-61
-53
-42
-29
-15
2
19
35
51
65
75
82
86
85
79
70
58
43
27
9
-11
-29
-46
-61
-72
-81
-85
-85
-81
-74
-64
-52
-37
-22
-6
12
26
39
50
59
65
69
68
66
60
52
43
32
22
10
0
-12
-21
-28
-35
-40
-43
-44
-44
-41
-39
-33
-29
-24
-18
-13
-8
-2
2
6
10
13
16
19
22
24
26
28
30
31
32
33
32
31
28
25
19
14
6
-2
-13
-21
-30
-41
-49
-55
-61
-65
-64
-60
-57
-47
-35
-22
-8
9
26
41
55
69
78
83
88
85
77
69
58
39
21
2
-18
-39
-58
-70
-83
-90
-93
-91
-87
-77
-64
-47
-31
-11
6
24
38
52
62
68
72
72
69
61
53
42
30
18
6
-6
-16
-25
-33
-38
-40
-44
-46
-43
-40
-37
-32
-29
-23
-16
-12
-6
-1
5
8
13
15
18
21
24
26
28
29
29
30
29
28
25
22
18
12
6
-2
-8
-17
-23
-30
-37
-43
-47
-51
-52
-52
-49
-44
-38
-29
-18
-7
5
17
30
42
52
61
67
71
71
69
63
54
43
30
13
-4
-21
-38
-52
-64
-74
-81
-83
-82
-77
-68
-57
-41
-24
-7
11
28
43
56
66
71
73
72
67
60
49
35
20
4
-10
-23
-35
-45
-52
-54
-55
-53
-47
-40
-31
-22
-12
-4
5
11
17
20
22
21
19
15
11
6
1
-2
-4
-4
-4
-3
0
2
6
10
14
17
20
21
20
17
14
9
3
-4
-12
-19
-26
-32
-37
-40
-42
-40
-38
-33
-26
-18
-9
2
13
23
33
41
46
49
51
49
45
40
33
23
13
2
-9
-20
-30
-38
-44
-47
-49
-48
-45
-39
-31
-22
-12
-3
7
17
26
32
35
38
40
39
36
30
22
13
7
-2
-10
-15
-20
-23
-26
-25
-24
-20
-15
-8
-2
4
10
14
17
18
17
14
9
5
-2
-9
-16
-22
-26
-31
-31
-31
-28
-22
-13
-6
5
17
28
36
45
50
51
51
47
41
31
21
9
-5
-19
-33
-45
-55
-62
-65
-65
-62
-55
-45
-33
-19
-5
9
23
36
47
54
60
62
62
58
52
41
31
20
8
-4
-15
-25
-34
-40
-44
-45
-45
-44
-38
-32
-25
-18
-9
-2
4
9
13
16
19
22
21
21
19
18
16
13
11
10
7
7
7
6
6
8
7
7
5
4
2
-1
-4
-8
-13
-18
-21
-27
-32
-37
-39
-40
-39
-35
-31
-23
-14
-3
8
20
32
43
54
62
68
70
70
65
57
45
30
15
-3
-21
-39
-55
-69
-80
-89
-92
-91
-86
-77
-63
-46
-28
-6
15
34
53
68
79
88
90
90
84
75
63
47
28
9
-9
-25
-41
-55
-65
-71
-73
-71
-68
-62
-50
-41
-31
-18
-6
5
15
23
29
34
36
37
36
35
33
29
27
25
22
18
15
13
9
7
4
1
-4
-6
-11
-15
-21
-25
-31
-36
-40
-43
-45
-45
-43
-40
-34
-27
-19
-9
2
15
27
38
50
59
66
70
72
69
65
56
46
32
18
1
-16
-33
-50
-64
-77
-85
-92
-94
-92
-85
-74
-60
-42
-24
-3
17
38
57
72
86
95
100
99
93
83
69
52
33
13
-9
-30
-47
-64
-78
-86
-91
-91
-87
-78
-67
-53
-37
-20
-3
13
27
39
48
53
57
58
55
51
46
36
27
19
11
2
-4
-8
-10
-13
-13
-13
-14
-14
-16
-16
-19
-18
-20
-23
-25
-28
-29
-32
-31
-30
-27
-22
-14
-6
3
14
24
35
45
53
58
62
63
62
58
51
40
28
12
-4
-19
-36
-49
-61
-70
-76
-78
-78
-74
-67
-55
-42
-26
-9
9
25
39
54
66
75
80
80
78
73
65
52
38
23
7
-12
-28
-43
-56
-68
-74
-76
-76
-72
-64
-54
-43
-28
-15
-1
13
28
39
48
53
55
55
50
45
38
28
20
10
0
-9
-15
-21
-24
-25
-24
-21
-18
-14
-10
-7
-2
1
2
3
1
-1
-4
-9
-13
-17
-20
-23
-24
-23
-21
-17
-9
0
10
21
31
39
46
50
53
52
48
44
35
23
10
-4
-18
-31
-42
-52
-58
-61
-62
-60
-55
-45
-35
-22
-7
7
19
31
42
49
55
56
56
52
46
37
26
15
4
-6
-16
-23
-31
-36
-38
-39
-37
-34
-28
-22
-14
-6
0
6
12
16
17
19
18
16
13
10
5
1
-3
-8
-12
-15
-16
-16
-15
-11
-6
-2
5
11
16
20
23
25
27
26
25
21
13
6
-3
-14
-23
-32
-40
-46
-50
-52
-50
-48
-39
-29
-17
-5
9
22
35
45
53
59
61
61
56
49
40
28
12
-3
-17
-30
-41
-51
-59
-63
-63
-60
-53
-43
-30
-19
-6
5
17
27
34
40
43
44
41
37
30
23
15
7
-2
-8
-13
-18
-20
-20
-18
-15
-11
-6
-4
0
2
4
5
3
1
-2
-7
-11
-16
-20
-24
-25
-25
-23
-20
-16
-10
-4
4
13
21
30
38
43
47
46
45
42
35
27
17
6
-7
-19
-31
-42
-51
-59
-64
-66
-65
-63
-56
-46
-32
-19
-3
12
26
40
51
60
67
71
72
69
63
53
41
25
9
-7
-22
-37
-50
-60
-68
-72
-73
-71
-64
-55
-43
-30
-16
-1
12
25
37
46
52
55
54
52
46
40
32
22
12
3
-7
-15
-21
-25
-27
-26
-24
-20
-16
-13
-11
-8
-7
-6
-6
-6
-7
-9
-12
-14
-17
-18
-16
-15
-12
-6
0
9
17
26
36
43
49
52
52
51
45
37
27
15
3
-13
-26
-40
-53
-62
-69
-71
-72
-67
-60
-52
-41
-26
-8
10
27
42
54
66
74
76
76
75
68
57
44
30
14
-2
-18
-31
-44
-55
-63
-70
-72
-72
-68
-60
-50
-37
-25
-11
3
15
26
37
45
52
56
58
55
51
45
35
25
15
6
-4
-13
-21
-26
-31
-33
-33
-33
-30
-26
-22
-17
-12
-7
-2
2
3
4
3
3
1
0
-1
-2
-1
0
2
4
6
11
16
23
28
32
35
36
34
30
24
16
6
-4
-15
-26
-37
-46
-53
-57
-60
-60
-56
-49
-39
-26
-11
6
23
39
51
61
69
72
71
67
60
51
38
23
7
-10
-25
-38
-50
-60
-64
-66
-65
-60
-53
-43
-32
-19
-6
7
18
29
36
42
46
46
45
41
36
30
22
14
6
-1
-8
-13
-20
-23
-26
-28
-27
-24
-20
-15
-12
-7
-4
-1
1
3
4
5
5
4
2
0
-2
-5
-6
-7
-6
-7
-6
-4
-2
3
6
11
15
18
21
22
23
24
19
13
9
2
-5
-14
-24
-31
-36
-41
-45
-45
-42
-38
-32
-24
-14
-1
12
23
33
43
50
54
55
53
49
41
31
20
6
-7
-19
-31
-41
-48
-52
-54
-54
-50
-41
-32
-21
-9
4
14
23
30
34
37
37
34
31
25
18
10
1
-6
-13
-18
-21
-22
-23
-20
-17
-13
-6
-1
4
9
13
16
16
15
12
10
5
-1
-7
-13
-19
-24
-27
-28
-27
-25
-21
-16
-11
-4
4
11
17
25
30
34
36
36
33
29
23
15
7
-2
-10
-18
-26
-33
-38
-42
-44
-44
-42
-38
-32
-25
-16
-6
5
15
24
33
39
43
45
47
45
40
35
26
15
5
-6
-15
-24
-32
-37
-40
-42
-42
-38
-34
-27
-18
-10
-1
7
15
20
24
26
26
24
21
17
11
6
1
-5
-7
-10
-11
-11
-9
-6
-2
3
8
12
16
18
18
16
13
8
3
-3
-11
-17
-24
-31
-35
-40
-41
-36
-31
-25
-16
-7
6
18
27
37
47
52
55
54
53
46
38
26
14
1
-13
-27
-38
-48
-55
-58
-59
-56
-53
-47
-39
-27
-17
-4
8
19
29
40
45
50
51
51
48
43
37
29
21
11
2
-8
-18
-27
-33
-38
-41
-42
-41
-38
-33
-28
-22
-14
-7
0
5
11
16
19
22
24
23
23
21
19
16
13
10
7
5
2
1
0
-1
-1
-1
-1
-1
-1
-1
-1
-3
-5
-8
-11
-15
-20
-24
-28
-30
-30
-27
-24
-17
-10
-1
9
19
28
37
45
51
54
55
52
46
37
27
16
1
-12
-26
-38
-50
-59
-65
-68
-67
-63
-57
-46
-33
-18
-3
13
28
40
50
58
62
63
62
57
50
40
29
16
1
-11
-22
-32
-40
-44
-46
-47
-46
-43
-38
-32
-26
-18
-10
-3
5
11
14
19
21
22
22
22
19
18
16
14
11
8
6
3
1
-2
-3
-5
-4
-4
-4
-7
-8
-9
-10
-12
-14
-17
-16
-16
-17
-17
-17
-16
-14
-12
-10
-5
-1
5
11
17
24
29
33
37
38
38
36
30
24
17
9
-1
-9
-18
-27
-36
-45
-50
-54
-55
-52
-48
-39
-30
-19
-7
5
18
32
42
50
56
59
57
54
48
39
27
16
3
-9
-22
-34
-42
-49
-52
-51
-51
-45
-39
-28
-19
-9
1
10
17
23
25
27
27
25
23
19
14
9
3
-3
-7
-10
-11
-11
-9
-7
-5
-2
0
2
4
5
5
3
2
-1
-4
-7
-11
-14
-18
-20
-22
-23
-21
-18
-14
-11
-4
2
8
14
19
23
28
31
32
31
30
26
21
15
8
0
-8
-16
-22
-27
-34
-37
-39
-39
-37
-34
-28
-21
-13
-6
1
10
19
27
32
36
40
40
39
35
31
24
18
9
0
-9
-17
-26
-31
-34
-36
-36
-33
-29
-24
-18
-10
-4
5
13
19
22
25
26
24
21
16
11
7
1
-5
-9
-12
-13
-15
-14
-13
-10
-5
-2
3
9
14
18
19
19
15
10
4
-3
-7
-12
-16
-20
-24
-27
-32
-34
-33
-29
-22
-12
-1
10
22
32
39
43
45
43
40
34
25
17
7
-2
-12
-20
-27
-33
-35
-37
-37
-36
-32
-27
-21
-17
-10
-5
1
8
15
20
25
29
32
33
31
30
25
21
15
8
0
-5
-11
-18
-20
-23
-23
-23
-20
-17
-14
-9
-5
-1
2
4
6
5
5
4
3
2
1
2
2
1
3
2
3
3
3
5
5
5
7
7
8
8
9
10
9
9
8
6
2
-3
-10
-16
-23
-28
-33
-36
-36
-36
-32
-27
-18
-8
3
14
25
35
43
49
52
53
48
42
32
20
11
-3
-14
-25
-34
-41
-47
-50
-50
-49
-44
-39
-31
-23
-13
-4
7
17
23
30
35
38
39
38
34
30
25
18
11
2
-5
-13
-19
-24
-26
-24
-22
-22
-21
-17
-13
-9
-6
-4
-1
0
0
-1
-2
-2
-4
-3
-2
-1
1
3
6
10
13
16
17
19
19
18
16
13
11
7
4
1
-4
-7
-12
-15
-18
-22
-25
-26
-29
-29
-30
-29
-25
-21
-16
-10
-1
7
17
25
33
40
45
47
47
44
39
31
22
13
2
-11
-22
-32
-41
-47
-51
-54
-53
-49
-44
-37
-28
-19
-8
3
13
22
31
39
45
47
48
46
42
35
27
17
6
-3
-14
-23
-30
-36
-38
-39
-38
-33
-29
-22
-16
-8
-3
3
7
10
12
11
11
9
6
4
2
1
0
1
2
5
8
11
13
13
16
16
14
12
9
7
2
-3
-9
-14
-19
-23
-27
-29
-30
-30
-29
-27
-24
-19
-13
-6
1
9
16
24
29
35
39
41
42
39
35
29
21
12
3
-6
-16
-24
-32
-36
-41
-43
-43
-41
-36
-31
-23
-16
-8
0
8
15
22
30
33
35
36
38
37
35
30
23
17
9
-1
-10
-17
-23
-29
-35
-35
-36
-34
-31
-25
-20
-12
-4
3
8
14
17
19
18
18
15
12
8
4
1
-1
-2
-3
-2
-1
1
2
3
6
7
8
9
8
7
3
0
-3
-7
-12
-14
-17
-21
-23
-24
-24
-22
-21
-17
-12
-6
1
9
16
22
28
33
37
39
38
35
30
22
13
5
-5
-14
-23
-29
-35
-38
-40
-39
-35
-29
-23
-16
-8
-1
5
12
18
21
25
27
28
27
27
24
21
17
12
7
3
-1
-7
-11
-16
-18
-20
-22
-22
-20
-18
-14
-11
-7
-3
1
5
7
9
9
10
9
7
6
5
2
-1
-3
-5
-6
-4
-3
-1
2
4
5
6
7
8
9
9
10
9
6
2
-1
-6
-10
-14
-18
-21
-24
-25
-26
-25
-23
-18
-14
-8
0
6
13
20
26
32
35
36
35
32
25
18
8
-1
-9
-18
-26
-31
-34
-37
-39
-37
-34
-28
-20
-12
-4
4
11
15
20
24
26
26
24
22
20
15
11
7
1
-1
-6
-8
-12
-12
-13
-14
-12
-11
-9
-7
-4
-3
-2
0
1
2
1
1
-1
-4
-6
-8
-9
-10
-10
-8
-5
-4
0
4
6
10
14
16
19
20
20
18
16
13
8
3
-3
-9
-13
-17
-21
-24
-26
-28
-28
-28
-26
-24
-21
-16
-9
-3
5
11
18
24
29
33
35
36
35
32
27
20
12
2
-7
-16
-25
-32
-37
-40
-42
-41
-38
-34
-27
-21
-13
-3
5
12
19
24
27
28
29
28
25
22
18
13
9
5
-1
-5
-9
-12
-15
-15
-16
-15
-13
-11
-10
-8
-6
-4
-2
-2
-2
-1
-4
-5
-6
-7
-8
-8
-8
-5
-4
1
5
10
16
20
24
26
28
27
26
21
18
11
3
-4
-12
-19
-25
-30
-35
-36
-37
-35
-31
-27
-22
-14
-8
0
8
16
22
27
30
35
38
39
38
35
31
25
17
9
1
-9
-17
-27
-33
-37
-42
-43
-42
-39
-34
-28
-21
-14
-5
3
10
16
22
26
30
33
32
32
29
25
22
16
10
5
-1
-6
-10
-15
-19
-22
-23
-23
-22
-19
-17
-15
-11
-8
-3
-2
0
3
4
3
4
2
4
3
4
4
6
7
9
10
14
16
19
20
20
20
17
13
9
2
-3
-10
-16
-23
-28
-32
-35
-36
-35
-32
-28
-21
-14
-5
4
13
20
28
34
39
41
41
40
38
34
27
19
12
2
-8
-17
-26
-33
-38
-40
-41
-41
-38
-35
-30
-23
-14
-6
2
11
18
23
28
30
31
31
29
26
22
19
14
8
3
-2
-6
-10
-14
-17
-19
-20
-20
-20
-18
-16
-16
-14
-10
-8
-5
-2
0
3
6
7
7
7
8
7
6
6
5
5
4
4
5
6
7
7
7
7
7
5
3
-1
-4
-8
-12
-15
-17
-20
-24
-27
-25
-24
-21
-18
-14
-6
-1
5
11
17
23
27
31
32
33
32
29
24
18
12
5
-3
-12
-20
-26
-33
-37
-39
-39
-37
-34
-28
-21
-13
-4
4
12
19
24
27
29
31
30
27
23
19
11
5
-1
-6
-9
-14
-15
-16
-18
-17
-16
-15
-12
-10
-8
-6
-3
-1
1
2
3
4
4
3
2
2
0
-1
-2
-2
-2
-2
-2
-2
-1
2
3
6
8
10
11
10
9
6
5
1
-2
-5
-10
-13
-15
-19
-22
-23
-23
-22
-20
-15
-12
-6
-1
4
7
11
16
19
22
24
24
25
24
21
18
13
7
0
-6
-13
-20
-24
-27
-29
-30
-29
-27
-23
-18
-12
-6
2
8
14
18
22
22
23
22
19
18
13
8
4
-2
-4
-7
-11
-11
-12
-12
-10
-10
-6
-5
-2
1
2
3
4
3
2
3
2
1
-1
-2
-5
-7
-8
-9
-9
-9
-6
-2
0
3
6
12
14
16
18
19
19
18
15
10
6
2
-5
-11
-15
-21
-24
-27
-28
-27
-26
-22
-18
-14
-9
-4
2
8
13
19
23
25
27
27
26
24
21
16
13
6
1
-4
-11
-15
-20
-24
-26
-28
-27
-25
-22
-19
-14
-9
-4
0
6
10
12
15
17
19
19
17
16
14
10
6
4
0
0
-3
-3
-5
-6
-5
-6
-6
-6
-4
-4
-4
-3
-2
-3
-4
-4
-7
-7
-8
-8
-8
-9
-5
-3
-3
1
4
8
12
16
18
22
23
25
24
21
18
13
6
1
-6
-12
-17
-24
-29
-31
-34
-34
-31
-29
-23
-18
-12
-5
2
9
15
21
26
28
31
32
31
30
27
22
18
12
6
-1
-9
-15
-21
-25
-30
-32
-33
-33
-32
-29
-24
-18
-11
-6
1
8
13
18
22
24
26
26
24
21
18
14
10
5
0
-4
-7
-9
-12
-14
-14
-14
-14
-14
-13
-12
-11
-10
-7
-9
-8
-8
-7
-5
-6
-6
-4
-2
0
1
4
8
11
14
16
18
22
22
24
22
20
17
11
6
-2
-9
-16
-23
-29
-34
-37
-39
-39
-37
-32
-27
-20
-12
-3
5
14
23
29
35
38
38
39
36
31
27
21
13
6
-2
-10
-17
-24
-29
-34
-35
-37
-35
-33
-30
-25
-20
-13
-7
-2
6
12
16
20
23
25
26
26
24
21
18
14
9
5
1
-2
-7
-10
-13
-16
-18
-19
-19
-20
-19
-18
-16
-15
-12
-10
-7
-5
-2
0
2
5
6
7
8
9
10
10
10
10
11
11
13
12
11
10
9
7
4
2
-3
-7
-11
-15
-19
-24
-26
-28
-29
-29
-27
-23
-17
-11
-5
3
11
18
24
29
34
37
37
35
33
28
22
15
6
-2
-10
-20
-26
-32
-35
-38
-38
-37
-33
-28
-24
-16
-8
1
9
15
22
26
29
31
30
28
26
22
17
12
7
1
-5
-11
-12
-13
-16
-17
-16
-15
-12
-11
-11
-7
-6
-5
-6
-4
-4
-2
-2
-2
0
0
1
1
4
3
7
7
8
9
10
11
11
9
9
8
6
4
4
0
-2
-4
-7
-10
-12
-14
-16
-17
-17
-18
-18
-16
-13
-10
-8
-3
1
7
10
15
18
21
24
24
23
22
20
18
12
7
2
-3
-9
-15
-19
-23
-26
-28
-27
-27
-24
-20
-16
-11
-3
2
8
14
20
24
26
27
26
25
22
17
11
6
1
-4
-11
-14
-17
-18
-19
-18
-15
-13
-10
-5
-2
2
6
7
8
9
8
6
4
1
-1
-3
-6
-8
-7
-8
-7
-7
-5
-2
2
4
8
10
13
14
14
13
12
10
8
4
0
-4
-8
-12
-16
-18
-20
-21
-20
-19
-16
-13
-9
-5
0
4
7
11
14
17
18
18
17
17
14
11
8
3
1
-3
-6
-10
-12
-13
-16
-17
-18
-18
-18
-16
-14
-12
-7
-2
-2
2
5
8
12
13
12
15
14
12
11
10
7
4
0
-3
-6
-8
-10
-10
-9
-8
-7
-5
-3
-2
0
1
2
2
2
1
0
-3
-4
-6
-9
-10
-10
-12
-11
-10
-8
-4
-1
3
8
11
15
19
20
22
21
20
17
12
7
0
-6
-13
-18
-24
-27
-29
-32
-32
-30
-26
-21
-15
-7
1
7
15
21
24
28
29
29
28
25
20
14
7
3
-4
-9
-14
-18
-22
-24
-25
-24
-22
-21
-18
-14
-10
-7
-4
-1
2
5
7
9
10
11
10
10
11
11
9
8
8
7
5
4
2
1
0
-1
-3
-4
-5
-8
-9
-10
-11
-11
-11
-12
-12
-12
-10
-9
-9
-7
-4
-1
2
2
4
7
9
11
14
16
16
17
17
17
15
14
12
8
5
-1
-5
-11
-16
-20
-24
-27
-29
-31
-30
-27
-24
-18
-12
-4
4
12
19
26
32
36
38
39
38
34
27
19
12
5
-4
-11
-20
-25
-30
-34
-37
-37
-34
-30
-27
-20
-14
-6
0
6
12
17
21
22
23
23
21
19
16
12
9
6
2
0
-3
-4
-5
-7
-7
-6
-7
-6
-7
-7
-9
-9
-10
-11
-11
-13
-12
-12
-11
-11
-7
-6
-1
2
6
10
13
16
19
21
22
22
21
19
16
12
8
4
0
-6
-11
-16
-20
-23
-25
-26
-27
-24
-23
-21
-17
-14
-8
-3
3
8
15
20
24
27
29
30
31
29
26
23
18
12
6
-1
-7
-13
-21
-25
-29
-33
-34
-34
-33
-29
-24
-18
-12
-5
2
9
15
21
26
30
31
31
29
26
21
16
10
4
-1
-7
-12
-16
-19
-19
-20
-20
-18
-15
-12
-9
-7
-4
-1
0
1
1
2
1
-1
0
0
-1
0
2
2
4
5
6
8
10
13
15
15
14
14
9
6
2
-3
-9
-13
-17
-22
-25
-28
-29
-29
-26
-24
-18
-13
-7
-1
5
12
17
24
27
27
30
30
26
23
20
15
8
4
-4
-9
-15
-20
-23
-25
-27
-27
-26
-24
-21
-19
-15
-11
-6
-1
4
8
13
17
19
21
22
22
22
20
17
14
9
5
1
-3
-7
-12
-16
-19
-21
-21
-21
-18
-16
-13
-10
-8
-4
-1
2
5
8
9
10
10
11
7
6
4
3
0
-1
-1
-3
-2
-2
-1
0
1
1
3
3
3
3
2
0
-3
-6
-9
-13
-16
-18
-19
-19
-18
-16
-14
-10
-6
-1
4
8
14
19
22
24
25
23
22
18
14
8
1
-4
-9
-15
-20
-23
-25
-26
-25
-23
-21
-18
-12
-7
-2
4
10
14
16
17
18
17
16
15
12
10
6
3
0
-3
-6
-9
-9
-10
-10
-9
-9
-8
-7
-7
-5
-4
-2
0
0
2
2
2
3
3
2
3
3
2
2
2
1
0
0
0
1
1
1
0
1
3
3
5
3
4
4
5
4
3
1
0
-1
-4
-6
-8
-10
-12
-14
-13
-14
-12
-12
-10
-5
-2
2
6
10
15
17
19
20
19
18
15
12
8
2
-3
-8
-13
-17
-20
-21
-23
-22
-19
-17
-13
-9
-5
0
5
9
13
16
17
16
16
13
11
8
5
0
-2
-5
-6
-8
-10
-9
-7
-8
-6
-4
-2
1
4
6
7
6
6
4
1
-1
-2
-4
-6
-8
-8
-10
-10
-9
-6
-5
-1
3
5
9
13
14
15
16
16
16
13
10
8
4
0
-3
-8
-11
-14
-16
-18
-18
-18
-17
-15
-13
-11
-8
-5
-1
2
6
9
13
16
18
19
20
18
17
15
14
9
6
2
-3
-7
-12
-16
-19
-21
-23
-22
-22
-21
-17
-14
-10
-5
-1
4
8
11
13
16
17
18
17
14
13
9
5
3
-2
-4
-6
-9
-11
-11
-10
-10
-10
-8
-6
-5
-3
-1
-1
-1
-2
-3
-5
-6
-5
-6
-9
-9
-8
-6
-3
-2
2
7
9
13
15
18
20
20
19
16
13
8
3
-4
-10
-14
-19
-24
-26
-28
-28
-28
-25
-22
-16
-10
-3
3
9
15
22
26
29
29
29
26
24
19
14
7
1
-4
-11
-17
-22
-26
-28
-29
-29
-28
-26
-23
-19
-15
-9
-4
2
7
12
16
20
24
25
25
25
24
22
19
16
11
6
1
-4
-8
-13
-17
-21
-23
-26
-26
-25
-23
-21
-19
-16
-12
-9
-5
0
4
6
10
11
13
14
14
14
13
11
11
10
9
7
6
4
2
2
0
-2
-4
-6
-8
-11
-13
-15
-17
-20
-21
-23
-22
-21
-19
-15
-11
-7
-1
6
10
17
22
27
30
33
35
34
31
27
21
13
5
-3
-11
-19
-25
-31
-36
-38
-40
-39
-36
-33
-26
-19
-11
-3
4
13
19
26
30
32
34
33
31
30
26
21
16
10
4
-2
-6
-11
-14
-17
-22
-24
-25
-24
-23
-21
-20
-17
-13
-11
-8
-3
0
4
6
9
13
16
17
17
19
19
19
17
16
13
10
7
5
1
-2
-5
-8
-11
-13
-15
-17
-19
-20
-19
-20
-18
-16
-14
-12
-9
-6
-1
2
5
9
12
15
18
21
23
24
25
24
22
19
16
12
7
1
-5
-11
-17
-23
-29
-33
-34
-35
-34
-33
-28
-22
-16
-9
-1
8
16
23
29
33
37
38
36
35
30
25
19
11
5
-3
-10
-15
-21
-25
-28
-30
-30
-27
-25
-23
-17
-12
-6
-2
2
6
9
11
14
15
15
15
15
14
13
10
9
8
7
6
5
3
2
0
-1
-3
-3
-6
-8
-10
-11
-14
-15
-16
-17
-16
-15
-13
-12
-9
-6
-2
1
5
8
11
14
17
19
20
21
20
18
16
13
9
5
0
-4
-8
-12
-16
-20
-22
-23
-25
-24
-24
-23
-21
-19
-15
-10
-7
-1
4
10
14
20
25
26
25
26
26
23
19
14
9
4
-2
-8
-13
-19
-21
-25
-25
-27
-25
-23
-21
-17
-12
-7
-1
3
8
11
14
16
17
17
15
15
13
10
6
3
1
-2
-5
-6
-7
-6
-6
-5
-4
-3
-2
-1
-1
-1
-1
-3
-5
-7
-7
-9
-10
-11
-11
-11
-9
-7
-6
-2
-1
3
8
11
13
14
16
18
18
16
14
10
6
2
-3
-7
-12
-16
-19
-21
-23
-24
-22
-21
-20
-17
-12
-8
-4
1
4
8
12
14
16
16
16
16
15
13
11
9
5
3
0
-3
-6
-9
-11
-13
-14
-15
-15
-15
-14
-13
-10
-7
-6
-2
0
2
4
5
6
7
8
8
7
7
6
5
5
3
2
1
1
-1
-1
-1
0
-1
-1
0
0
0
-1
-1
-2
-4
-6
-7
-8
-10
-11
-12
-12
-11
-10
-8
-5
-2
1
5
10
13
16
19
21
23
22
21
19
15
10
7
2
-4
-11
-17
-19
-24
-26
-29
-28
-26
-23
-19
-14
-9
-3
2
9
15
19
23
22
22
22
19
16
13
9
5
2
-1
-3
-6
-10
-11
-10
-11
-11
-12
-12
-13
-11
-10
-11
-11
-10
-9
-6
-3
-3
-2
2
6
8
9
11
11
12
12
13
13
12
10
8
7
4
3
0
-2
-3
-6
-8
-10
-12
-15
-15
-14
-14
-13
-13
-12
-10
-7
-5
-3
0
2
5
9
11
15
17
20
23
24
24
23
20
18
15
10
5
-2
-9
-15
-21
-24
-30
-33
-35
-34
-31
-26
-22
-16
-9
-1
8
14
20
25
29
32
32
32
29
25
21
16
11
3
-3
-9
-14
-18
-20
-22
-25
-25
-23
-20
-18
-14
-11
-9
-6
-2
0
1
2
4
6
7
11
10
10
11
12
13
13
13
13
12
11
9
7
5
0
-4
-7
-11
-14
-18
-22
-24
-25
-25
-25
-24
-21
-18
-14
-8
-3
1
6
13
19
22
23
24
26
25
25
23
20
17
12
6
2
-3
-9
-13
-18
-21
-24
-27
-29
-30
-29
-27
-26
-22
-17
-12
-6
0
8
14
20
25
29
32
33
34
31
29
25
20
14
6
-1
-9
-15
-22
-26
-31
-33
-33
-32
-31
-27
-23
-17
-12
-7
1
6
11
14
17
20
20
21
19
19
16
14
12
9
6
3
1
-1
-3
-5
-7
-8
-10
-11
-13
-14
-15
-17
-18
-18
-18
-18
-18
-15
-12
-9
-6
-3
2
6
11
17
21
23
26
28
27
26
24
19
14
8
3
-5
-10
-16
-21
-25
-28
-32
-31
-30
-28
-25
-21
-15
-11
-6
0
6
11
15
19
23
25
27
27
26
25
21
18
13
9
4
-2
-6
-11
-17
-21
-24
-26
-26
-27
-27
-24
-22
-18
-14
-8
-3
1
6
11
15
19
22
24
25
25
24
21
18
13
9
4
0
-4
-7
-10
-11
-13
-14
-15
-14
-13
-15
-11
-8
-8
-7
-6
-5
-4
-5
-3
-1
-1
2
1
5
7
9
11
12
13
14
15
16
15
14
11
8
5
1
-5
-9
-13
-16
-19
-23
-24
-25
-25
-23
-21
-17
-12
-6
-1
6
11
15
20
23
24
26
26
23
20
17
13
8
4
-3
-8
-12
-15
-17
-19
-20
-21
-19
-18
-15
-13
-10
-7
-5
-1
3
5
7
9
12
13
14
15
14
13
12
11
10
8
6
5
2
-1
-2
-4
-7
-9
-9
-8
-9
-9
-8
-8
-7
-6
-5
-5
-4
-3
-1
0
1
2
1
3
2
3
4
4
5
6
8
8
8
8
8
7
6
6
3
2
1
-2
-5
-8
-10
-12
-15
-17
-18
-17
-17
-15
-12
-9
-5
-2
2
6
9
14
17
19
20
21
18
16
13
9
5
0
-4
-8
-11
-15
-17
-19
-19
-18
-18
-15
-12
-9
-6
-4
0
2
4
5
5
5
6
5
6
7
6
4
4
2
2
0
0
0
1
1
1
-1
1
2
-1
-1
-3
-2
-3
-5
-6
-8
-9
-10
-11
-11
-10
-10
-9
-7
-4
-1
1
3
6
8
9
12
12
14
14
13
12
10
7
5
2
-1
-3
-6
-9
-11
-13
-15
-16
-19
-19
-19
-18
-15
-14
-9
-6
-2
1
6
9
14
17
17
20
19
19
17
15
12
7
4
0
-5
-9
-12
-15
-17
-18
-19
-19
-19
-17
-15
-13
-11
-8
-5
-2
1
3
6
7
9
9
9
10
9
8
8
7
7
5
4
4
2
0
0
0
-2
-3
-3
-5
-7
-9
-11
-13
-14
-15
-15
-15
-14
-13
-10
-8
-5
-1
4
7
11
14
18
21
22
22
21
19
17
15
10
6
1
-3
-8
-13
-18
-21
-24
-25
-26
-26
-24
-21
-18
-13
-9
-5
0
6
11
16
20
23
25
26
27
26
24
20
17
12
7
3
-1
-6
-11
-16
-20
-23
-24
-25
-25
-23
-21
-17
-15
-13
-9
-4
1
5
9
12
15
18
18
20
19
18
17
14
12
10
6
3
1
-2
-4
-7
-10
-12
-14
-15
-14
-15
-15
-15
-15
-16
-14
-13
-11
-9
-6
-2
0
3
8
11
14
17
19
20
21
21
21
19
16
14
9
4
-1
-6
-10
-16
-19
-23
-25
-26
-27
-27
-26
-23
-19
-14
-8
-1
6
11
16
22
25
28
30
30
30
28
24
20
15
9
3
-3
-8
-14
-19
-21
-24
-25
-26
-25
-24
-23
-20
-16
-12
-7
-2
2
6
10
13
15
18
20
20
21
19
17
16
12
10
7
4
-1
-3
-6
-9
-11
-13
-15
-16
-17
-17
-16
-16
-15
-14
-12
-10
-7
-4
-1
1
4
7
10
11
12
14
15
16
17
15
14
12
10
7
4
1
-2
-7
-11
-13
-16
-19
-20
-22
-24
-23
-21
-20
-17
-14
-11
-5
-1
3
8
13
17
22
22
24
24
24
22
19
14
11
6
0
-5
-10
-14
-18
-22
-24
-25
-25
-25
-23
-19
-16
-12
-7
-2
2
7
10
13
16
18
19
19
18
16
14
11
8
5
2
-1
-4
-7
-9
-10
-12
-12
-13
-12
-11
-11
-10
-9
-8
-6
-6
-4
-4
-2
0
0
1
2
4
5
5
6
9
8
9
9
9
9
7
7
4
2
0
-3
-4
-8
-9
-12
-13
-15
-15
-15
-16
-15
-14
-12
-10
-7
-4
-2
2
5
8
10
12
13
15
15
14
14
12
10
7
4
-1
-2
-6
-8
-12
-14
-16
-17
-17
-17
-16
-14
-12
-10
-7
-4
1
3
6
9
11
12
13
14
13
12
11
10
7
4
2
-1
-4
-5
-7
-8
-9
-9
-10
-9
-8
-6
-5
-5
-3
-2
0
0
1
1
1
1
0
1
1
0
0
0
2
2
2
3
5
6
6
6
7
7
8
7
6
4
1
-2
-5
-5
-7
-9
-12
-12
-12
-11
-12
-12
-8
-6
-4
-2
1
4
8
9
10
12
12
12
11
10
8
6
4
1
-1
-4
-5
-8
-8
-9
-10
-10
-12
-10
-10
-9
-6
-6
-4
-2
0
1
2
4
4
6
6
8
6
7
7
6
4
4
3
1
1
0
-1
-2
-2
-3
-4
-4
-4
-4
-3
-4
-4
-2
-2
-3
-3
-3
-4
-3
-3
-3
-2
-2
-2
0
-1
2
3
4
6
8
9
11
11
11
11
10
8
7
4
2
-1
-4
-7
-10
-13
-14
-16
-17
-17
-15
-15
-12
-8
-5
0
3
6
11
13
16
17
18
18
16
15
12
8
6
1
-2
-5
-7
-10
-13
-14
-15
-15
-14
-13
-12
-10
-8
-7
-5
-3
0
1
3
5
5
5
6
7
8
8
8
7
6
5
5
4
2
1
0
-2
-3
-4
-6
-7
-8
-11
-11
-11
-12
-12
-12
-12
-11
-8
-7
-5
-1
1
2
4
7
9
9
11
12
14
13
11
10
10
8
6
4
0
-2
-5
-8
-10
-12
-15
-17
-18
-18
-17
-17
-15
-13
-10
-7
-3
1
5
9
12
15
18
21
20
21
19
17
15
11
7
2
-2
-7
-10
-15
-18
-21
-22
-23
-21
-19
-18
-14
-12
-8
-4
0
4
6
10
13
14
13
15
13
12
11
9
6
4
3
1
-1
-2
-5
-6
-7
-8
-8
-10
-11
-11
-12
-11
-12
-13
-12
-11
-10
-8
-8
-4
-2
0
3
6
7
10
12
13
14
15
14
13
12
10
8
4
1
-2
-6
-9
-13
-14
-16
-18
-18
-19
-18
-16
-14
-12
-9
-5
-2
2
6
8
10
13
15
16
17
18
17
16
14
12
9
5
1
-3
-7
-10
-12
-15
-18
-20
-20
-20
-19
-18
-15
-12
-7
-2
1
6
10
13
16
19
20
20
20
18
17
13
9
7
2
-2
-4
-7
-8
-12
-15
-13
-13
-12
-11
-13
-10
-7
-5
-5
-3
-1
0
-1
2
1
3
4
3
5
5
7
7
6
8
8
8
7
7
6
5
3
1
-1
-4
-7
-8
-11
-12
-14
-15
-15
-15
-14
-13
-10
-8
-5
0
2
6
9
13
14
17
18
19
18
16
14
11
9
5
1
-5
-7
-11
-15
-17
-19
-19
-20
-19
-17
-15
-12
-9
-4
-1
4
8
10
13
15
17
17
17
16
14
13
9
8
3
1
-2
-5
-8
-9
-10
-11
-12
-13
-11
-10
-8
-5
-4
-1
1
3
4
5
5
5
6
5
3
2
0
0
-2
-3
-4
-4
-3
-2
-2
0
3
4
5
6
7
7
7
6
3
2
-1
-4
-7
-10
-13
-13
-15
-16
-15
-13
-11
-8
-5
0
4
7
10
13
15
18
17
16
14
12
8
4
0
-4
-9
-13
-16
-18
-19
-19
-20
-17
-16
-12
-9
-5
-1
1
6
8
10
13
14
12
12
10
8
6
3
0
-2
-3
-6
-8
-8
-9
-10
-8
-8
-5
-5
-3
-2
0
1
3
3
4
5
4
3
2
1
1
-1
-3
-4
-4
-5
-5
-7
-6
-4
-4
-2
-2
0
1
3
5
6
7
7
8
6
5
3
3
-1
-2
-5
-8
-8
-11
-12
-14
-12
-11
-12
-8
-6
-3
0
2
6
8
9
12
12
13
11
10
8
5
2
-2
-6
-9
-11
-14
-16
-16
-15
-15
-13
-11
-8
-4
-1
1
5
7
9
10
10
9
7
6
3
1
-1
-4
-6
-8
-8
-8
-8
-8
-5
-4
-2
1
3
4
5
6
7
6
6
4
2
-1
-3
-4
-8
-9
-9
-11
-12
-12
-10
-9
-7
-4
-2
2
5
7
10
11
12
13
12
12
10
8
6
3
0
-3
-5
-7
-9
-11
-14
-13
-14
-12
-12
-10
-9
-6
-3
-1
2
5
9
11
13
15
16
15
15
14
11
6
4
2
-2
-6
-9
-12
-13
-15
-16
-16
-14
-11
-11
-7
-4
-2
2
4
7
9
10
10
9
9
7
5
3
0
0
-3
-5
-5
-6
-6
-4
-4
-2
-1
1
2
3
3
5
4
3
3
1
-1
-3
-6
-8
-10
-11
-12
-11
-11
-9
-7
-4
0
3
7
9
13
15
17
17
16
15
12
10
5
2
-3
-6
-10
-13
-15
-17
-17
-18
-16
-14
-12
-9
-7
-2
1
5
9
11
14
15
15
17
16
15
13
10
8
6
2
-1
-5
-7
-10
-11
-13
-14
-14
-14
-13
-10
-10
-7
-5
-2
0
3
5
6
8
8
9
10
9
8
7
5
4
3
0
-2
-4
-5
-5
-6
-6
-6
-5
-4
-3
-2
-2
-1
-1
-1
0
-1
-1
-2
-3
-5
-6
-6
-7
-7
-8
-6
-4
-1
1
3
6
8
10
11
12
11
11
9
6
5
0
-4
-7
-13
-15
-18
-20
-21
-21
-18
-15
-13
-10
-7
-2
4
8
11
14
18
20
19
19
18
15
12
7
3
-1
-5
-8
-12
-15
-16
-16
-18
-18
-14
-13
-10
-7
-4
-1
1
5
6
7
9
9
9
9
9
7
6
5
3
0
0
-1
-3
-4
-5
-5
-5
-5
-6
-6
-6
-6
-6
-3
-4
-3
-1
0
0
-1
0
0
0
-1
0
0
-2
-1
-1
-1
-2
-2
-1
0
2
2
3
3
5
4
3
3
2
1
-2
-3
-4
-6
-8
-10
-11
-12
-14
-12
-12
-11
-8
-6
-3
1
4
6
8
11
13
14
14
14
12
10
7
4
0
-5
-9
-12
-15
-17
-17
-17
-15
-14
-11
-8
-5
0
2
6
9
11
12
13
13
11
9
7
4
2
-1
-4
-5
-7
-7
-9
-9
-8
-8
-6
-3
-4
-1
2
2
3
4
5
6
4
4
3
4
2
1
0
-1
-1
-3
-3
-4
-3
-2
0
0
1
2
1
1
1
3
3
2
3
2
2
2
1
-1
-1
-3
-3
-5
-5
-5
-5
-6
-5
-5
-6
-4
-3
-3
0
1
2
5
6
7
8
6
7
7
4
4
2
0
-2
-5
-7
-9
-9
-10
-11
-9
-8
-6
-3
-1
1
4
6
7
8
9
10
8
8
6
4
1
-1
-4
-6
-7
-9
-10
-10
-10
-8
-6
-3
-2
1
3
6
8
10
12
11
12
10
7
5
2
-1
-4
-5
-9
-9
-10
-10
-11
-10
-7
-5
-4
0
3
4
7
8
9
10
9
9
8
6
4
2
0
-2
-4
-5
-6
-7
-7
-8
-6
-7
-7
-6
-4
-3
-2
-1
0
2
3
2
5
4
5
4
5
4
3
2
0
0
-1
-2
-2
-3
-5
-3
-3
-4
-3
-4
-2
-2
-2
-1
0
0
0
0
1
0
-1
-2
-1
-3
-3
-4
-5
-5
-5
-6
-5
-4
-2
-1
1
2
3
5
6
7
7
8
8
6
1
0
-2
-5
-8
-12
-12
-13
-14
-14
-13
-11
-7
-5
-2
2
6
9
11
13
15
16
14
13
12
9
5
2
-2
-5
-7
-10
-13
-13
-15
-15
-13
-12
-9
-7
-6
-3
1
3
5
6
8
9
9
8
7
7
4
3
1
-1
-1
-3
-5
-4
-5
-5
-5
-4
-4
-3
-2
-3
-1
-2
-1
-2
-2
-3
-2
-2
-3
-3
-2
-2
-2
-1
-1
-1
-1
1
0
1
1
2
2
2
2
3
1
2
1
1
1
1
-1
-2
-3
-5
-7
-7
-8
-9
-9
-10
-9
-8
-6
-4
-2
0
3
4
6
9
12
11
12
12
11
10
9
5
2
-1
-5
-7
-10
-12
-15
-16
-16
-16
-14
-13
-10
-6
-3
1
5
8
12
13
12
15
14
13
12
8
5
3
-1
-3
-5
-7
-9
-9
-10
-8
-6
-6
-4
-2
-1
1
1
3
2
4
4
4
3
2
1
1
1
-1
-3
-1
-1
-1
0
0
1
2
2
2
4
4
4
3
3
1
1
0
-3
-3
-4
-5
-7
-7
-7
-8
-8
-7
-5
-4
-3
-2
-1
3
3
5
6
8
8
8
9
8
8
6
5
4
2
0
-3
-4
-7
-8
-10
-11
-11
-11
-10
-9
-7
-6
-4
-1
1
4
6
8
11
11
12
12
11
9
7
5
3
0
-3
-4
-6
-7
-8
-9
-8
-8
-7
-6
-3
1
1
4
4
7
6
7
6
5
5
3
2
0
-2
-3
-3
-4
-5
-4
-4
-3
-2
-1
1
3
4
4
5
7
5
4
3
2
1
-1
-3
-4
-7
-7
-7
-8
-8
-7
-6
-4
-3
-1
1
3
4
5
7
6
8
7
7
6
4
2
2
-1
-3
-4
-4
-6
-6
-6
-7
-6
-6
-6
-4
-4
-3
-2
-1
1
1
2
2
3
3
3
3
3
1
1
-1
-2
-2
-3
-4
-5
-6
-6
-6
-4
-2
-3
-3
-1
0
2
3
2
4
5
4
5
4
4
2
1
-2
-3
-4
-5
-7
-8
-7
-7
-7
-5
-3
-2
1
2
5
6
8
9
9
8
8
6
4
2
-1
-2
-5
-8
-9
-10
-10
-10
-10
-9
-7
-5
-2
0
2
5
6
7
8
7
7
7
5
4
3
0
-2
-3
-4
-6
-7
-7
-6
-6
-6
-5
-4
-3
-2
0
0
1
2
1
1
1
1
-1
-1
-2
-3
-3
-4
-4
-3
-3
-2
-2
-1
-1
0
0
2
1
3
2
2
2
2
1
0
0
-1
-2
-3
-3
-4
-6
-5
-5
-6
-6
-5
-5
-4
-4
-2
-1
1
4
5
6
7
8
8
9
7
7
6
4
2
-1
-2
-5
-7
-9
-10
-11
-11
-12
-11
-9
-8
-6
-3
0
2
5
8
10
12
12
11
12
11
9
7
4
3
1
-1
-3
-6
-6
-8
-8
-8
-6
-5
-4
-3
-1
1
0
0
2
3
2
2
1
1
1
0
0
-1
0
0
-1
0
1
2
1
3
3
4
5
3
3
3
1
0
-1
-3
-5
-5
-6
-7
-8
-9
-8
-8
-7
-6
-4
-2
1
2
4
6
7
9
9
10
10
9
8
6
6
3
1
-1
-3
-5
-7
-7
-8
-8
-10
-10
-9
-8
-8
-6
-5
-3
0
1
4
7
8
9
10
10
10
11
10
9
8
6
4
2
-1
-2
-4
-7
-7
-8
-8
-8
-8
-7
-5
-5
-3
-2
-1
2
2
4
5
4
5
5
4
4
4
3
3
3
2
2
2
1
0
1
1
1
1
0
0
0
-2
-4
-3
-4
-6
-6
-7
-7
-7
-8
-5
-5
-3
-2
0
2
4
6
7
9
10
11
11
11
8
7
4
2
-1
-3
-5
-7
-9
-10
-13
-12
-12
-12
-10
-9
-8
-5
-4
-1
2
2
5
6
7
7
7
7
7
7
6
5
5
3
0
-1
-2
-3
-3
-6
-7
-6
-7
-8
-8
-7
-7
-5
-4
-3
0
0
1
1
2
3
4
4
5
6
4
4
4
2
2
0
0
0
-1
-1
-1
-2
-2
-3
-2
-2
-3
-3
-2
-2
-3
-4
-4
-5
-5
-4
-4
-3
-2
-1
-1
0
1
3
3
4
5
6
6
7
7
7
6
4
2
0
-2
-4
-7
-8
-10
-10
-10
-10
-11
-11
-9
-8
-5
-3
0
2
4
5
7
8
8
8
7
6
5
3
2
0
-1
-3
-4
-5
-6
-6
-6
-6
-5
-4
-3
-2
-3
-1
0
-1
0
0
0
0
0
0
0
0
0
0
0
1
0
1
2
2
3
2
2
1
0
0
0
0
-1
-1
-1
-2
-2
-2
-3
-3
-2
-2
-1
-1
-1
-1
1
0
0
0
0
-1
0
1
1
2
3
3
4
4
3
5
5
4
5
4
5
2
1
1
-2
-2
-5
-5
-7
-8
-6
-6
-6
-6
-5
-1
0
1
3
4
6
6
6
6
6
4
4
3
2
0
-2
-1
-3
-3
-5
-4
-5
-4
-3
-3
-2
-1
-1
1
2
1
1
0
0
0
1
0
0
0
-1
-2
-1
0
0
1
1
1
2
3
3
4
4
4
3
2
2
1
0
-1
-1
-3
-4
-5
-5
-6
-5
-4
-4
-3
-2
-1
0
0
2
3
4
4
6
6
7
6
6
6
6
5
5
3
2
1
0
0
-3
-5
-5
-6
-7
-6
-6
-5
-5
-4
-2
-1
-1
1
2
2
4
4
6
6
6
6
5
5
4
3
2
2
0
0
-2
-2
-3
-4
-4
-4
-4
-3
-3
-3
-3
-2
-3
-2
-2
-2
-2
-1
-1
-1
-1
0
1
1
1
2
3
3
4
5
4
6
5
5
4
2
0
-2
-3
-6
-7
-8
-10
-10
-10
-10
-10
-9
-8
-6
-5
-3
-1
1
5
7
9
8
8
9
9
9
7
6
6
3
1
-1
-2
-4
-6
-6
-7
-7
-7
-8
-8
-8
-6
-6
-4
-3
-1
1
0
3
3
4
5
5
6
6
6
6
5
6
5
4
3
1
0
-1
-3
-4
-4
-4
-5
-6
-6
-7
-6
-6
-6
-6
-4
-4
-2
-2
-1
0
0
2
3
5
4
5
5
6
6
4
4
4
4
3
2
1
-1
-2
-5
-6
-7
-9
-9
-9
-11
-10
-9
-9
-8
-7
-4
-4
-2
1
3
5
7
9
10
10
11
9
9
8
6
4
2
0
-2
-4
-7
-8
-9
-10
-11
-11
-9
-8
-7
-6
-5
-3
-1
1
2
3
5
6
6
6
7
7
6
5
5
4
4
3
2
1
1
1
-3
-2
-4
-5
-5
-7
-5
-6
-5
-5
-4
-5
-4
-4
-3
-2
0
0
2
5
5
6
7
6
7
7
8
8
8
7
6
5
3
1
0
-2
-5
-8
-8
-7
-8
-9
-9
-9
-7
-6
-6
-4
-2
1
1
2
3
5
7
6
8
8
8
8
7
6
5
5
2
1
-1
-3
-5
-7
-6
-8
-8
-8
-9
-9
-8
-7
-6
-3
-1
0
3
4
5
6
6
7
6
6
6
5
5
4
3
2
1
0
0
-1
-2
-2
-4
-2
-3
-4
-4
-3
-3
-3
-3
-3
-4
-3
-3
-2
0
0
2
1
1
3
4
6
6
7
8
8
7
7
6
5
4
2
2
-1
-2
-5
-6
-8
-8
-8
-9
-8
-7
-6
-4
-4
-1
0
2
4
4
6
6
7
7
7
7
7
6
4
3
2
1
0
-2
-3
-4
-4
-6
-6
-7
-7
-6
-5
-4
-4
-3
-2
-1
-1
1
1
3
3
4
3
3
3
3
2
2
1
1
0
0
-1
-1
-2
-2
-2
-2
-3
-3
-3
-3
-3
-3
-2
-3
-4
-4
-4
-3
-5
-4
-4
-4
-2
-1
2
1
1
2
4
4
5
4
6
7
6
4
4
3
1
0
-2
-4
-5
-7
-6
-6
-6
-7
-7
-6
-5
-4
-3
-1
0
3
3
5
5
6
5
5
5
5
3
3
3
1
0
-1
-3
-3
-4
-4
-5
-4
-4
-4
-2
-2
-3
-1
-2
-1
-1
-1
0
0
1
-1
-1
-1
-1
-1
-2
-1
0
1
1
1
1
2
2
2
1
1
2
1
1
0
-1
-1
-3
-3
-3
-5
-5
-5
-6
-6
-6
-6
-5
-5
-3
-4
-2
0
0
2
3
6
6
7
7
7
7
6
5
3
3
1
0
-2
-4
-5
-7
-9
-9
-8
-9
-7
-7
-5
-4
-2
-1
0
2
3
4
6
7
7
7
7
6
4
4
3
1
2
1
-1
-1
-2
-2
-2
-3
-3
-2
-3
-2
-1
-2
-2
-2
-1
-1
-2
-1
-1
0
-1
0
1
2
2
4
4
5
6
7
8
8
9
7
5
2
3
2
0
-2
-3
-4
-5
-7
-9
-9
-9
-9
-9
-7
-7
-4
-3
-1
1
3
5
7
8
10
10
10
10
9
8
7
5
3
1
0
-3
-5
-5
-7
-8
-9
-8
-8
-9
-7
-7
-6
-3
-2
0
2
3
4
6
6
7
8
9
9
7
7
6
6
3
1
0
0
-3
-3
-3
-3
-3
-4
-3
-3
-2
-2
-2
-2
-2
-1
-1
-2
-1
0
0
-1
1
1
2
3
4
5
7
6
7
6
8
7
6
6
5
4
2
0
0
-4
-5
-7
-9
-9
-10
-10
-10
-9
-8
-6
-4
-3
-1
2
5
8
9
10
12
11
11
10
10
7
7
5
2
0
-2
-5
-6
-8
-9
-10
-11
-10
-9
-7
-7
-5
-4
-3
0
1
2
3
4
5
6
7
7
7
6
5
4
3
2
0
0
-1
-2
-3
-3
-5
-5
-5
-5
-5
-6
-5
-6
-5
-5
-5
-4
-3
-2
0
-1
-1
0
1
3
3
3
5
7
6
5
6
8
7
7
4
4
3
1
0
-3
-4
-5
-6
-8
-9
-10
-10
-11
-10
-9
-7
-5
-4
0
1
4
6
8
9
12
12
12
11
11
9
7
4
2
-1
-3
-4
-7
-10
-10
-10
-11
-12
-10
-8
-7
-5
-3
-2
0
3
5
5
6
7
7
7
7
6
4
4
2
1
0
-2
-3
-4
-5
-5
-5
-5
-5
-4
-4
-4
-4
-3
-3
-3
-2
-1
-1
-2
-1
0
-1
0
0
0
1
1
1
2
3
3
3
3
4
3
2
2
2
0
-1
0
-2
-3
-4
-4
-5
-6
-6
-6
-7
-5
-5
-5
-3
-1
0
1
4
5
7
7
9
9
8
8
7
5
4
2
0
0
-3
-5
-6
-7
-9
-9
-8
-7
-6
-5
-3
-2
0
2
3
6
7
8
8
7
8
7
5
6
5
3
1
0
-1
-3
-3
-5
-7
-4
-3
-2
-2
-1
-1
2
2
2
3
3
4
1
2
1
0
-1
-2
-2
-3
-3
-4
-4
-2
-2
-2
1
1
3
3
4
3
5
5
4
5
3
3
1
0
-1
-2
-3
-4
-5
-5
-6
-6
-6
-5
-4
-3
-3
0
1
2
3
5
6
6
6
7
7
6
5
4
3
1
0
-1
-1
-2
-3
-3
-4
-3
-3
-3
-2
-1
-1
1
2
2
2
2
2
3
2
3
2
2
1
0
1
-1
-1
-1
0
0
0
1
2
3
3
3
4
4
4
3
2
2
1
0
-2
-3
-5
-6
-6
-7
-7
-7
-7
-6
-5
-2
-1
0
3
5
7
8
10
10
10
10
9
7
5
5
2
-1
-3
-4
-8
-8
-10
-11
-11
-10
-9
-9
-6
-5
-3
-1
2
3
5
6
7
8
7
8
7
6
4
3
2
1
-1
-2
-3
-4
-5
-6
-6
-6
-6
-5
-5
-5
-2
-1
-1
-3
-1
-1
1
1
0
1
2
2
2
1
3
2
3
3
3
4
4
4
4
4
4
3
2
1
0
-1
-2
-4
-6
-7
-8
-8
-9
-9
-9
-8
-6
-5
-4
-3
0
3
4
6
9
9
10
11
12
11
10
9
6
4
1
-1
-5
-7
-8
-12
-13
-14
-15
-15
-13
-11
-10
-7
-3
-1
2
5
7
9
10
11
12
11
10
9
7
5
3
0
-2
-4
-6
-7
-9
-10
-9
-9
-9
-8
-8
-6
-5
-3
-2
-1
0
1
1
2
2
2
3
3
3
4
3
3
4
3
2
4
3
3
3
3
1
1
0
-1
-2
-4
-4
-6
-6
-7
-8
-8
-8
-7
-7
-5
-5
-2
0
1
3
5
7
9
10
11
11
11
10
9
8
6
5
2
0
-2
-4
-8
-9
-10
-11
-12
-11
-11
-10
-8
-5
-2
-1
2
6
7
10
12
13
14
13
12
12
10
6
3
3
0
-2
-5
-7
-8
-8
-11
-12
-9
-9
-7
-7
-4
-3
0
1
2
3
4
5
5
7
6
5
4
4
3
2
1
0
0
0
0
-1
1
0
0
1
1
0
0
0
-1
-2
-3
-3
-4
-5
-5
-5
-5
-5
-4
-3
-2
0
1
2
4
5
7
8
8
8
9
8
7
6
5
3
2
0
-2
-4
-5
-6
-8
-7
-8
-8
-7
-6
-4
-3
-1
1
3
5
7
8
9
9
10
10
9
9
6
5
3
2
-1
-3
-3
-6
-7
-7
-8
-7
-7
-6
-5
-3
-2
0
2
1
4
5
6
6
5
5
3
3
3
1
0
-1
-3
-3
-3
-3
-3
-2
-2
-1
-1
1
1
2
3
3
4
3
2
1
0
-2
-4
-4
-4
-6
-6
-6
-7
-6
-6
-4
-2
0
2
3
4
6
6
6
6
6
5
3
3
1
-1
-3
-5
-6
-7
-9
-9
-9
-8
-5
-4
-5
-3
-1
2
2
2
4
5
6
6
5
6
5
4
1
1
1
-2
-2
-2
-4
-4
-4
-4
-4
-3
-2
-2
-1
0
0
1
2
2
2
2
1
1
1
0
0
0
-2
-2
-3
-3
-2
-3
-2
-2
0
-1
1
3
3
4
6
4
4
4
4
2
2
1
-2
-2
-4
-5
-7
-8
-8
-9
-9
-8
-6
-5
-4
-2
0
2
3
5
7
9
8
8
8
7
5
3
1
-1
-2
-5
-6
-8
-9
-10
-10
-10
-9
-7
-6
-4
-2
0
1
2
3
5
5
5
5
5
4
3
3
2
0
0
-1
-1
-2
-1
-1
-2
-2
-1
0
-1
0
0
0
0
-1
0
-2
-2
-3
-3
-4
-3
-4
-3
-3
-2
-1
-1
1
2
4
4
6
7
7
7
8
7
6
5
3
2
1
-1
-3
-4
-6
-7
-7
-8
-7
-8
-7
-6
-5
-2
-1
2
4
6
8
7
8
10
11
10
10
9
7
6
4
0
-2
-3
-5
-8
-9
-11
-10
-11
-10
-8
-7
-5
-3
-2
0
2
3
5
6
7
8
7
7
7
5
6
4
2
1
-1
-2
-3
-4
-4
-3
-3
-3
-2
-2
-2
-1
-1
0
-1
-1
-1
-1
-2
-2
-2
-2
-1
-1
0
0
1
1
3
4
5
7
7
7
7
8
7
6
5
3
2
-1
-3
-5
-6
-7
-9
-9
-8
-8
-7
-5
-4
-3
0
2
5
7
8
9
11
12
11
11
11
9
8
5
3
1
-2
-3
-6
-7
-9
-10
-11
-10
-10
-9
-8
-5
-4
-3
0
2
5
5
6
9
9
9
9
9
6
6
4
3
2
0
-2
-3
-4
-4
-5
-6
-5
-5
-5
-4
-3
-2
-2
0
0
0
0
1
1
0
1
1
0
0
0
0
-1
0
-1
0
0
2
3
3
3
4
2
2
1
1
-1
-2
-4
-5
-5
-5
-7
-8
-8
-7
-6
-6
-5
-3
0
1
4
5
7
7
9
9
10
9
8
6
5
3
0
-2
-4
-5
-8
-8
-9
-9
-9
-9
-8
-7
-5
-3
-1
0
3
4
4
5
6
6
6
5
5
4
2
2
1
0
-1
-2
-3
-3
-4
-4
-3
-3
-3
-3
-2
-2
-2
-2
0
0
0
0
0
1
0
-1
-1
-1
-1
-2
-2
-1
-1
-2
-2
0
0
0
1
2
2
2
2
2
1
1
0
-1
-1
-2
-3
-4
-4
-6
-6
-6
-5
-5
-4
-5
-3
-1
1
2
4
5
6
6
7
7
8
6
5
3
2
0
-1
-4
-5
-6
-7
-6
-7
-7
-6
-5
-3
-2
0
2
3
3
4
5
5
5
5
5
4
2
2
0
0
-1
-1
-3
-2
-3
-3
-2
-2
0
1
2
2
3
4
4
3
3
3
3
2
1
0
-1
-1
-2
-2
-2
-2
-1
-1
-1
-3
-1
1
3
4
3
3
5
6
4
4
5
4
1
1
0
-2
-2
-4
-4
-6
-5
-5
-6
-6
-4
-5
-2
-1
0
2
2
4
5
5
6
6
6
6
6
4
3
1
1
-1
-1
-3
-4
-4
-5
-6
-5
-5
-4
-2
-1
-1
1
2
3
3
4
4
4
3
3
3
2
0
-1
-1
-1
-1
-1
-1
1
-1
1
2
2
4
4
4
4
4
3
2
1
1
0
-2
-3
-2
-4
-5
-4
-4
-4
-2
-2
-1
1
3
4
6
7
8
8
8
8
7
6
4
2
1
-1
-3
-5
-6
-8
-7
-8
-7
-7
-6
-5
-4
-2
0
1
3
4
6
6
7
6
7
7
7
6
4
3
2
1
0
-3
-4
-5
-5
-5
-6
-6
-5
-5
-5
-3
-3
-1
-1
0
1
1
2
4
3
3
3
2
2
1
1
-1
0
-1
-1
-1
-1
-1
-2
-1
-2
-1
-1
0
1
0
-1
-1
-1
0
-2
-3
-4
-3
-4
-4
-4
-1
-2
-1
0
2
4
5
7
6
7
8
8
7
5
5
3
1
0
-2
-4
-7
-8
-9
-9
-9
-8
-8
-7
-5
-4
-1
0
2
5
6
7
8
8
8
8
7
7
5
4
1
-1
-2
-4
-5
-5
-6
-6
-7
-7
-7
-5
-4
-4
-3
-1
-1
-1
1
1
2
2
3
3
3
3
2
2
1
0
1
0
0
-1
-1
-1
0
-2
-2
-2
-2
-1
-2
-2
-2
-3
-2
-3
-3
-3
-3
-3
-1
-2
-2
-1
-1
1
1
1
1
3
4
4
5
5
5
6
5
4
4
2
1
0
-2
-4
-5
-5
-7
-7
-9
-8
-7
-6
-5
-3
-1
1
2
3
6
7
8
8
9
9
7
6
5
4
1
0
-2
-4
-5
-6
-6
-7
-6
-5
-5
-3
-3
-1
0
3
3
5
6
6
5
6
6
4
4
4
1
-2
-1
0
-2
-1
-2
0
1
-1
0
0
1
1
-1
0
-1
1
-1
-1
-2
0
-2
-2
-2
-2
-2
-2
-1
0
-1
0
1
1
3
3
3
4
4
5
5
4
3
2
3
2
0
-1
-4
-3
-3
-4
-5
-5
-4
-5
-4
-4
-2
-1
0
1
3
3
4
5
6
6
6
5
6
5
4
3
3
2
1
0
-2
-3
-3
-4
-5
-4
-2
-2
-1
-1
0
1
2
3
4
5
5
6
4
4
3
2
1
2
0
0
-1
-1
-1
-1
0
0
1
2
2
1
3
2
2
2
2
2
1
0
-1
-2
-3
-3
-3
-4
-4
-3
-2
-2
0
0
1
2
5
4
6
6
6
5
4
4
3
2
2
0
-1
-3
-4
-5
-6
-5
-6
-5
-5
-3
-4
-3
0
0
2
4
4
4
3
2
3
3
2
2
1
0
-1
-1
-2
-3
-2
-3
-3
-3
-2
-2
0
0
0
0
0
1
2
-1
0
1
2
0
1
1
1
0
0
-1
-1
-1
-1
0
0
0
0
1
1
2
2
3
3
3
2
2
2
0
1
-1
-1
-2
-3
-5
-5
-6
-5
-5
-5
-4
-3
-3
-1
1
2
4
5
6
7
6
7
7
6
5
3
1
0
-1
-4
-5
-7
-7
-7
-8
-7
-6
-6
-5
-3
-1
-2
0
2
4
4
4
4
4
3
3
3
2
1
0
-1
-2
-2
-3
-3
-3
-3
-3
-3
-3
-2
-3
-2
-2
-1
-1
-1
-2
-1
0
-1
-1
-1
1
1
1
2
2
2
2
3
4
4
5
4
3
3
2
2
2
0
0
-1
-2
-3
-4
-4
-4
-5
-5
-4
-5
-3
-3
-2
0
0
2
3
4
5
6
6
8
7
8
7
7
5
4
2
1
-1
-2
-3
-4
-5
-7
-7
-6
-7
-6
-4
-2
-1
1
2
4
5
6
7
8
6
7
7
5
5
3
2
2
0
-3
-3
-2
-4
-5
-5
-5
-4
-3
-4
-3
-3
-1
0
0
1
1
2
2
2
2
1
1
1
2
2
1
2
2
2
3
3
3
3
3
2
2
2
0
-1
-1
-2
-3
-4
-4
-5
-4
-5
-4
-4
-2
-2
0
1
2
3
4
6
5
7
7
7
8
7
5
5
5
3
0
0
-1
-3
-4
-4
-6
-6
-6
-5
-5
-5
-4
-2
-1
1
2
4
5
6
7
7
8
7
7
7
6
5
4
2
0
-1
-3
-3
-4
-4
-4
-5
-6
-5
-4
-3
-2
-1
0
1
2
2
3
3
4
3
2
3
2
2
1
1
1
0
1
0
-1
0
0
0
0
1
1
1
0
0
-2
-1
-2
-2
-2
-4
-4
-4
-5
-4
-2
-2
-2
-1
0
0
3
3
3
5
4
5
3
4
3
2
1
-1
-2
-2
-4
-5
-6
-7
-5
-3
-5
-5
-4
-2
0
0
1
1
3
3
5
4
6
5
5
4
4
3
1
1
0
-1
-1
-2
-3
-3
-4
-3
-3
-4
-3
-2
-2
-1
-1
0
1
1
2
2
2
2
2
2
2
1
0
0
0
-1
-1
-1
-2
-1
0
-1
-1
-1
0
0
1
1
1
1
1
0
-1
0
-2
-2
-2
-3
-3
-3
-3
-4
-3
-2
-3
-1
0
0
1
2
3
4
4
4
4
3
2
1
0
-1
-2
-2
-4
-4
-5
-5
-5
-5
-5
-3
-2
-1
-1
1
1
3
2
3
4
3
4
3
3
2
1
0
-1
-2
-1
-2
-2
-2
-2
-1
-1
-1
-1
0
0
1
0
2
2
1
1
1
0
0
-1
-1
-1
-1
-1
-1
-1
-1
0
0
1
1
2
2
2
3
3
4
4
4
3
3
2
1
0
0
0
-2
-2
-2
-2
-3
-2
-2
-1
0
0
1
2
2
2
2
4
5
5
5
5
5
4
3
1
2
1
-1
-3
-3
-5
-4
-5
-5
-5
-4
-4
-4
-2
-1
0
1
2
4
3
4
4
5
4
3
3
3
2
1
1
1
-1
-1
-1
-1
0
-1
-1
0
1
-1
-1
1
0
0
-1
0
-1
-1
-2
-1
-1
-1
-2
-1
0
1
1
1
3
3
4
5
5
5
5
5
4
4
3
3
1
0
-1
-2
-3
-4
-5
-4
-4
-4
-3
-2
-2
-1
1
2
4
5
5
6
6
6
7
6
5
5
4
3
1
0
-1
-2
-3
-4
-4
-4
-5
-5
-4
-5
-4
-2
-1
0
2
2
2
3
4
4
5
5
5
4
4
4
2
1
2
0
0
-2
-2
-2
-2
-2
-4
-3
-2
-2
-2
-2
-1
-1
-2
-1
-1
-1
-1
-1
-1
-1
0
0
1
0
1
1
2
1
3
3
3
3
2
2
2
0
-1
-2
-3
-3
-1
-3
-5
-5
-6
-6
-5
-4
-4
-2
-1
0
1
3
4
4
6
7
7
7
7
6
4
3
2
0
-1
-2
-3
-5
-5
-6
-6
-6
-5
-5
-5
-4
-2
-2
0
1
2
3
5
4
5
5
4
4
4
4
2
3
1
1
0
-1
-2
-2
-2
-3
-3
-3
-4
-4
-3
-2
-2
-1
-1
-1
-1
-1
-1
1
0
1
1
0
1
1
0
1
0
0
1
0
1
1
1
1
0
1
0
0
-1
-1
-2
-3
-3
-4
-4
-4
-5
-4
-3
-4
-2
-2
-1
1
1
3
4
5
6
5
5
6
5
4
3
2
1
-1
-2
-3
-4
-5
-6
-6
-6
-6
-5
-4
-4
-2
-1
1
2
3
4
4
5
5
6
6
4
4
4
1
1
1
0
-1
-1
-3
-1
-2
-2
-1
-2
-1
0
0
1
0
1
2
1
2
2
2
1
2
2
2
2
3
3
1
2
0
0
0
1
1
1
1
2
2
1
0
0
1
0
-2
-2
-2
-2
-3
-3
-2
-2
-3
-2
-2
-2
-1
0
1
1
3
3
3
4
4
4
4
4
4
2
2
2
0
-1
-1
-3
-3
-3
-4
-4
-4
-4
-3
-2
-2
0
1
1
2
3
3
4
4
4
4
3
2
3
2
0
0
0
-1
-1
-1
-1
-1
-1
0
0
1
1
3
2
3
2
2
2
1
2
1
1
1
0
0
-1
0
-1
-1
0
0
1
1
2
2
2
3
2
4
3
3
2
2
1
0
0
-2
-2
-3
-2
-3
-3
-3
-2
-2
-2
-1
0
0
1
2
3
3
4
4
4
4
4
4
3
2
1
0
0
-1
-1
-2
-3
-4
-4
-5
-5
-3
-3
-3
-2
-1
-1
0
1
1
2
2
2
3
2
1
2
1
1
0
-1
-1
-1
-2
-1
-2
-2
-2
-1
-2
-2
-2
-1
1
1
-1
-1
-1
-1
0
-1
-1
-1
-2
-1
-1
-1
0
0
1
0
3
2
2
3
4
3
4
2
3
2
1
1
-1
-2
-2
-3
-3
-3
-5
-4
-4
-5
-3
-2
-2
-2
0
2
2
3
3
4
4
4
6
4
3
4
3
2
1
-1
-2
-2
-3
-4
-4
-5
-5
-5
-4
-3
-3
-3
-2
-1
-1
0
1
1
3
2
3
3
2
1
2
1
0
1
0
-1
-1
-2
-3
-3
-4
-2
-2
-2
-1
-2
-2
-1
-1
-2
-1
-2
-2
-1
-1
-1
-2
-1
-1
0
0
1
1
1
2
3
4
4
4
4
4
3
3
1
0
-1
-2
-3
-4
-5
-6
-5
-6
-6
-5
-5
-3
-2
0
0
2
3
5
6
6
6
7
7
6
6
4
3
2
1
-1
-1
-3
-4
-4
-5
-5
-5
-4
-3
-3
-2
-1
1
2
2
3
4
4
5
5
5
6
5
4
4
1
1
1
1
0
-1
-1
-1
-1
-2
-2
-1
-2
-3
-2
-1
-2
-2
-1
-1
-1
-1
0
0
1
2
1
1
2
2
2
2
3
3
3
2
3
2
2
2
1
1
0
0
0
-1
-1
-3
-4
-4
-3
-4
-4
-3
-3
-2
-2
0
1
1
2
4
4
6
6
5
7
6
6
4
4
3
1
0
-2
-3
-3
-4
-5
-5
-5
-4
-4
-3
-2
-1
2
2
4
5
5
5
5
7
6
5
6
4
4
3
1
0
1
-1
-1
-2
-2
-2
-2
-2
-1
-1
0
-1
-1
0
-1
0
0
0
1
0
1
0
1
1
1
0
2
2
3
2
1
3
1
1
2
1
2
0
1
0
0
-2
-1
-2
-2
-3
-3
-3
-3
-3
-2
-2
-2
-1
-1
-1
1
0
2
3
3
4
3
3
3
3
2
1
0
0
-1
-2
-3
-4
-5
-5
-5
-6
-5
-5
-4
-2
0
-1
0
1
2
3
4
4
3
4
4
3
2
3
1
1
-1
-1
-1
-3
-3
-2
-2
-2
-2
-2
-1
-1
0
1
1
1
1
2
1
0
0
1
-1
0
-1
-1
-1
-1
-1
-2
-1
0
1
1
1
1
2
2
2
2
1
1
1
-1
0
-2
-2
-3
-2
-3
-3
-3
-2
-2
-2
-1
-1
0
0
1
1
2
2
2
2
1
3
1
1
0
0
0
-1
-3
-2
-3
-4
-4
-4
-3
-3
-3
-2
-3
-2
-1
0
0
0
1
2
2
2
2
3
2
2
2
2
1
1
1
0
-1
-1
-1
-1
-1
-1
-1
-1
0
0
0
1
0
1
2
1
0
0
0
0
-1
-1
-2
-2
-2
-1
-1
0
0
0
1
2
3
3
3
4
4
4
4
3
2
2
0
-1
-2
-2
-3
-2
-4
-3
-3
-2
-1
-1
0
1
3
3
4
5
6
6
5
5
3
1
2
1
1
-1
-3
-2
-3
-4
-4
-3
-2
-2
-4
-2
-2
-1
0
1
0
1
1
2
1
1
1
1
1
1
1
1
1
2
1
1
1
0
0
1
0
1
0
-1
-1
-1
0
0
-1
-1
-2
-1
-2
-1
-2
0
0
-1
1
0
1
2
1
1
1
2
3
3
3
2
3
3
3
3
2
2
1
1
-1
0
-1
-1
-3
-3
-2
-2
-3
-3
-2
-1
1
1
3
3
4
5
5
6
6
6
5
4
4
3
2
0
-1
-2
-2
-4
-5
-4
-4
-4
-4
-3
-2
-1
0
0
1
1
3
3
3
4
3
3
2
3
2
1
1
1
0
0
-1
-1
-1
-1
-1
-2
-1
-1
-1
-1
0
-1
-1
-1
-1
-2
-3
-2
-2
-1
-1
-1
-1
-1
0
1
1
2
2
3
2
2
2
2
1
1
0
-1
-1
-2
-3
-3
-4
-4
-5
-5
-4
-4
-2
-2
-3
-1
-1
1
1
2
2
4
4
4
4
4
6
5
4
3
3
1
0
-1
-2
-3
-3
-4
-5
-6
-5
-5
-4
-3
-3
-2
0
0
1
3
3
4
4
6
5
5
4
3
3
2
0
0
-2
-1
-2
-3
-3
-4
-3
-3
-2
-1
-1
-1
-1
0
0
0
0
-1
0
0
0
0
-1
0
0
-1
0
0
0
1
1
1
2
2
1
1
1
1
-1
-1
-2
-3
-3
-4
-4
-5
-5
-6
-4
-3
-3
-2
-2
-1
0
1
2
3
3
4
5
3
4
3
2
3
2
0
0
-1
-2
-2
-4
-4
-3
-4
-3
-4
-4
-3
-3
-1
-1
-1
0
2
2
3
3
3
3
4
3
3
3
2
2
1
0
-1
-1
-1
-2
-2
-2
-2
-2
-1
-1
-1
0
0
1
2
2
3
3
2
3
3
2
1
1
1
2
1
1
1
2
2
2
2
1
1
-1
0
2
1
1
0
-1
0
0
-2
-2
-2
-2
-4
-3
-2
-2
-2
-1
0
0
1
2
3
2
5
4
4
4
3
3
2
2
0
-1
-2
-2
-3
-4
-4
-4
-4
-4
-2
-3
-1
-1
0
2
2
3
3
3
4
3
3
3
2
2
1
1
0
0
0
-1
-1
0
-1
-2
-1
-1
-1
-2
0
0
0
1
1
1
2
2
2
2
1
2
2
1
1
1
1
2
2
0
1
1
1
1
1
1
2
2
2
1
0
2
1
1
1
0
-1
0
-1
-2
-2
-1
-2
-2
-2
-1
0
-1
0
1
1
2
2
3
4
3
3
3
3
3
2
1
-1
-1
-3
-2
-3
-3
-3
-4
-3
-3
-2
-2
-2
0
0
2
1
2
3
2
3
2
2
1
1
0
-1
-1
-2
-2
-2
-3
-3
-2
-2
-2
-1
-1
-1
-1
0
0
0
-1
-1
-2
-2
-1
-1
1
-1
-2
-1
-1
0
-1
-1
1
2
2
1
1
3
2
3
2
2
3
1
0
0
-1
-1
-2
-3
-3
-3
-3
-2
-3
-2
-1
-1
-1
0
-1
0
0
2
1
2
3
2
3
2
1
2
1
0
0
0
-1
-1
-2
-3
-2
-3
-3
-3
-3
-2
-3
-2
-1
-1
0
0
0
2
1
1
2
1
2
1
0
0
0
0
-2
-2
-2
-3
-2
-2
-2
-2
-2
-2
-1
-1
-1
-1
-1
-2
-1
-1
-1
-1
-2
0
-1
-2
-1
-1
-1
0
0
1
1
1
3
2
1
3
3
3
2
1
1
0
-2
-2
-2
-4
-3
-4
-4
-3
-4
-2
-1
-1
0
1
1
3
4
5
5
5
4
4
4
3
3
1
0
-1
-2
-3
-3
-4
-4
-4
-4
-4
-2
-2
-1
0
1
1
1
3
3
4
5
5
6
5
4
5
4
4
3
3
1
1
0
0
-1
-4
-4
-3
-3
-4
-4
-4
-2
-1
-3
-2
0
0
0
-1
2
1
3
2
2
3
2
2
2
2
2
1
0
1
1
1
0
1
0
0
0
-1
-1
-1
-1
-2
-2
-3
-3
-2
-3
-3
-2
-1
0
1
1
2
3
3
5
5
5
6
6
5
4
3
1
1
0
-1
-2
-4
-5
-5
-5
-5
-5
-4
-3
-3
-2
1
2
2
4
5
6
6
6
6
6
5
5
5
4
3
2
1
1
0
-1
-2
-2
-3
-2
-2
-3
-2
-2
-2
-1
-1
1
0
1
1
2
2
2
2
2
2
2
3
3
3
2
2
2
2
0
0
0
0
-1
-1
-1
-1
-2
-2
-3
-2
-2
-3
-2
-1
-2
-1
-1
-1
0
0
1
2
2
2
2
2
3
3
4
2
2
2
2
1
0
-1
-2
-3
-5
-5
-5
-6
-6
-7
-6
-5
-5
-4
-3
-2
0
1
2
2
5
7
6
5
5
5
5
4
1
1
0
-1
-3
-4
-3
-4
-4
-4
-4
-3
-3
-3
-1
0
0
1
1
2
1
2
2
1
2
1
2
2
1
2
0
1
1
1
0
1
0
0
-1
0
0
-1
-1
0
-1
-2
-2
-2
-3
-2
-2
-2
-1
-1
-1
0
0
1
2
2
2
3
3
2
2
2
1
1
1
0
-1
-2
-1
-3
-4
-4
-3
-5
-4
-5
-5
-4
-4
-4
-3
-3
-1
-1
0
1
2
3
3
3
4
4
3
2
3
3
1
1
0
-1
-2
-3
-4
-3
-4
-4
-4
-3
-3
-2
-2
-1
-1
1
1
2
3
1
3
2
2
2
2
1
1
1
-1
0
0
0
0
0
0
0
0
0
1
0
1
1
1
-1
-1
-1
-1
-2
-1
-1
0
-1
0
0
-1
1
2
2
3
3
4
4
min=-622, max=606 of +-32768
